Genotype	Control	Rep	X	Y	YD
690	0	2	1	1	11.4
458	0	2	1	2	10.44
589	0	2	1	3	10.98
425	0	2	1	4	11.74
431	0	2	1	5	11.66
77	0	2	1	6	10.82
750	0	2	1	7	11.19
146	0	2	1	8	8.4
813	0	2	1	9	9.12
718	0	2	1	10	11.06
355	0	2	1	11	7.42
81	0	2	1	12	11.06
25	0	2	1	13	12.01
168	0	2	1	14	11.19
493	0	2	1	15	9.34
1006	1	2	1	16	11.3
68	0	1	1	17	9.48
419	0	1	1	18	9.45
1010	1	1	1	19	10.27
1005	1	1	1	20	11.07
1006	1	1	1	21	9.94
609	0	1	1	22	8.09
429	0	1	1	23	8.77
1008	1	1	1	24	9.85
6	0	1	1	25	7.91
616	0	1	1	26	9.96
334	0	1	1	27	11.5
658	0	1	1	28	10.04
194	0	1	1	29	7.87
656	0	1	1	30	10.92
389	0	1	1	31	9.89
601	0	1	1	32	7.97
788	0	2	2	1	11.06
512	0	2	2	2	9.77
607	0	2	2	3	9.19
1004	1	2	2	4	10.01
202	0	2	2	5	10.78
739	0	2	2	6	9.76
310	0	2	2	7	10.35
408	0	2	2	8	9.3
723	0	2	2	9	12.17
400	0	2	2	10	9.86
1004	1	2	2	11	9.99
1001	1	2	2	12	8.91
1005	1	2	2	13	9.68
260	0	2	2	14	11.84
655	0	2	2	15	8.48
357	0	2	2	16	10.34
726	0	1	2	17	10.17
1006	1	1	2	18	10.78
665	0	1	2	19	9.76
1007	1	1	2	20	11.93
1004	1	1	2	21	10.06
542	0	1	2	22	10.55
392	0	1	2	23	10.12
193	0	1	2	24	10.21
568	0	1	2	25	9.3
1004	1	1	2	26	7.97
22	0	1	2	27	9.78
703	0	1	2	28	10.62
437	0	1	2	29	9.66
1007	1	1	2	30	9.47
104	0	1	2	31	6.72
151	0	1	2	32	10.28
593	0	2	3	1	9.91
198	0	2	3	2	8.61
307	0	2	3	3	10.76
364	0	2	3	4	8.85
523	0	2	3	5	9.39
409	0	2	3	6	10.53
621	0	2	3	7	11.12
538	0	2	3	8	10.3
552	0	2	3	9	10.16
1005	1	2	3	10	8.78
356	0	2	3	11	10.36
779	0	2	3	12	9.84
274	0	2	3	13	9.32
439	0	2	3	14	10.72
822	0	2	3	15	8.6
1007	1	2	3	16	10.27
650	0	1	3	17	8.96
179	0	1	3	18	9.87
488	0	1	3	19	11.16
610	0	1	3	20	10.34
755	0	1	3	21	10
1009	1	1	3	22	10.66
709	0	1	3	23	9.4
697	0	1	3	24	9.61
309	0	1	3	25	10.18
481	0	1	3	26	10.63
537	0	1	3	27	9.79
696	0	1	3	28	10.93
1001	1	1	3	29	9.87
1004	1	1	3	30	10.55
1002	1	1	3	31	10.38
1008	1	1	3	32	9.9
196	0	2	4	1	8.64
1010	1	2	4	2	10.49
359	0	2	4	3	8.66
1009	1	2	4	4	8.3
793	0	2	4	5	9.06
1003	1	2	4	6	9.84
597	0	2	4	7	9.63
1003	1	2	4	8	9.62
97	0	2	4	9	9.99
654	0	2	4	10	10.6
477	0	2	4	11	8.62
802	0	2	4	12	11.47
414	0	2	4	13	9.95
381	0	2	4	14	11.77
385	0	2	4	15	10.47
580	0	2	4	16	9.94
107	0	1	4	17	9.92
401	0	1	4	18	9.5
53	0	1	4	19	12.83
724	0	1	4	20	11.7
69	0	1	4	21	12.14
230	0	1	4	22	10.66
527	0	1	4	23	10.04
286	0	1	4	24	11.23
651	0	1	4	25	11.18
1003	1	1	4	26	9.34
509	0	1	4	27	9.21
554	0	1	4	28	10.44
1008	1	1	4	29	11.08
39	0	1	4	30	8.86
1003	1	1	4	31	11.16
365	0	1	4	32	10.75
737	0	2	5	1	9.47
533	0	2	5	2	9.8
363	0	2	5	3	8.78
218	0	2	5	4	11.39
209	0	2	5	5	11.88
674	0	2	5	6	9.63
1009	1	2	5	7	10.76
710	0	2	5	8	10.22
1007	1	2	5	9	9.08
203	0	2	5	10	11.46
345	0	2	5	11	10.64
102	0	2	5	12	10.26
208	0	2	5	13	10.87
623	0	2	5	14	11.05
821	0	2	5	15	10.25
303	0	2	5	16	11.77
251	0	1	5	17	10.04
444	0	1	5	18	9.86
223	0	1	5	19	11.05
1006	1	1	5	20	10.67
721	0	1	5	21	11.74
347	0	1	5	22	12.16
135	0	1	5	23	9.8
745	0	1	5	24	8.11
158	0	1	5	25	9.88
487	0	1	5	26	9.64
297	0	1	5	27	9.44
152	0	1	5	28	9.56
176	0	1	5	29	11.26
584	0	1	5	30	10.9
167	0	1	5	31	10.5
91	0	1	5	32	8.77
663	0	2	6	1	8.92
565	0	2	6	2	9.76
617	0	2	6	3	9.95
149	0	2	6	4	9
212	0	2	6	5	9.91
336	0	2	6	6	11.32
252	0	2	6	7	9.49
734	0	2	6	8	9.19
546	0	2	6	9	10.4
1010	1	2	6	10	10.42
1006	1	2	6	11	10.62
473	0	2	6	12	11.27
796	0	2	6	13	10.34
823	0	2	6	14	10.48
1001	1	2	6	15	8.67
33	0	2	6	16	10.59
447	0	1	6	17	11.35
433	0	1	6	18	8.45
112	0	1	6	19	10.26
247	0	1	6	20	9.35
187	0	1	6	21	10.5
127	0	1	6	22	11.27
786	0	1	6	23	9.55
269	0	1	6	24	9.15
1008	1	1	6	25	10.31
1005	1	1	6	26	9.91
82	0	1	6	27	9.62
456	0	1	6	28	10.54
689	0	1	6	29	11.11
810	0	1	6	30	10.5
815	0	1	6	31	8.15
526	0	1	6	32	10.33
195	0	2	7	1	10.09
1010	1	2	7	2	9.91
619	0	2	7	3	10.3
84	0	2	7	4	7.72
824	0	2	7	5	8.95
814	0	2	7	6	9.6
749	0	2	7	7	9.61
1006	1	2	7	8	9.8
10	0	2	7	9	7.52
399	0	2	7	10	9.98
211	0	2	7	11	9.33
563	0	2	7	12	9.62
207	0	2	7	13	10.03
205	0	2	7	14	9.29
1004	1	2	7	15	8.21
1002	1	2	7	16	11.28
16	0	1	7	17	9.04
732	0	1	7	18	9.97
422	0	1	7	19	8.36
314	0	1	7	20	10.7
201	0	1	7	21	9.54
1006	1	1	7	22	10.61
741	0	1	7	23	8.72
370	0	1	7	24	9.76
784	0	1	7	25	9.58
676	0	1	7	26	9.27
1009	1	1	7	27	11.45
180	0	1	7	28	9.85
261	0	1	7	29	8.77
243	0	1	7	30	11.89
388	0	1	7	31	9.9
308	0	1	7	32	9.92
516	0	2	8	1	8.88
472	0	2	8	2	9.78
576	0	2	8	3	9.31
1008	1	2	8	4	10.9
801	0	2	8	5	9.91
1008	1	2	8	6	10.76
464	0	2	8	7	9.48
103	0	2	8	8	10.64
517	0	2	8	9	9.63
744	0	2	8	10	8.38
577	0	2	8	11	8.61
379	0	2	8	12	10.83
213	0	2	8	13	9.1
1009	1	2	8	14	11.51
271	0	2	8	15	11.07
544	0	2	8	16	8.84
343	0	1	8	17	8.66
190	0	1	8	18	10.7
80	0	1	8	19	10.04
95	0	1	8	20	8.75
489	0	1	8	21	8.38
109	0	1	8	22	10.07
765	0	1	8	23	9.49
40	0	1	8	24	9.15
800	0	1	8	25	11.19
51	0	1	8	26	11.45
736	0	1	8	27	9.45
720	0	1	8	28	10.85
299	0	1	8	29	9.37
424	0	1	8	30	12.09
250	0	1	8	31	11.58
507	0	1	8	32	9.61
476	0	2	9	1	8.38
1001	1	2	9	2	8.44
285	0	2	9	3	8.57
12	0	2	9	4	8.17
270	0	2	9	5	10.51
165	0	2	9	6	11.41
1007	1	2	9	7	9.12
75	0	2	9	8	9.17
528	0	2	9	9	9.15
182	0	2	9	10	9.81
519	0	2	9	11	9.95
172	0	2	9	12	11.79
1005	1	2	9	13	10.32
1009	1	2	9	14	11.1
797	0	2	9	15	10.12
1002	1	2	9	16	10.72
362	0	1	9	17	9.2
380	0	1	9	18	9.59
645	0	1	9	19	10.67
789	0	1	9	20	10.67
1002	1	1	9	21	9.43
139	0	1	9	22	9.93
485	0	1	9	23	11.77
1010	1	1	9	24	10.99
454	0	1	9	25	10.27
1008	1	1	9	26	9.64
579	0	1	9	27	9.88
403	0	1	9	28	9.17
675	0	1	9	29	9.51
71	0	1	9	30	11.5
157	0	1	9	31	10.49
153	0	1	9	32	10.88
9	0	2	10	1	9.04
1008	1	2	10	2	9.33
479	0	2	10	3	10.02
1002	1	2	10	4	10.09
371	0	2	10	5	11
177	0	2	10	6	11.48
32	0	2	10	7	8.68
1006	1	2	10	8	11.39
486	0	2	10	9	9.75
217	0	2	10	10	10.85
699	0	2	10	11	11.42
695	0	2	10	12	10.44
452	0	2	10	13	9.46
508	0	2	10	14	11.05
372	0	2	10	15	11.2
622	0	2	10	16	9.22
1010	1	1	10	17	9.64
702	0	1	10	18	8.86
730	0	1	10	19	9.87
501	0	1	10	20	9.13
126	0	1	10	21	9.2
369	0	1	10	22	10.35
525	0	1	10	23	9.69
495	0	1	10	24	10.49
682	0	1	10	25	8.5
35	0	1	10	26	9.21
344	0	1	10	27	11.29
510	0	1	10	28	11.67
625	0	1	10	29	9.06
558	0	1	10	30	11.81
50	0	1	10	31	11.22
48	0	1	10	32	10.32
445	0	2	11	1	10.3
1002	1	2	11	2	10.96
660	0	2	11	3	10.25
751	0	2	11	4	9.3
57	0	2	11	5	9.48
342	0	2	11	6	11.28
1008	1	2	11	7	9.83
141	0	2	11	8	8.55
470	0	2	11	9	9.36
268	0	2	11	10	11.15
1003	1	2	11	11	10.32
246	0	2	11	12	9.62
1007	1	2	11	13	10.73
561	0	2	11	14	10.12
775	0	2	11	15	10.59
7	0	2	11	16	9.88
1003	1	1	11	17	10.43
780	0	1	11	18	9.93
562	0	1	11	19	11.89
637	0	1	11	20	8.9
1002	1	1	11	21	10
521	0	1	11	22	10.73
1009	1	1	11	23	12.11
110	0	1	11	24	8.67
42	0	1	11	25	9.38
18	0	1	11	26	9.53
415	0	1	11	27	9.81
173	0	1	11	28	11.53
449	0	1	11	29	9.97
397	0	1	11	30	10.41
1005	1	1	11	31	9.25
816	0	1	11	32	9.81
615	0	2	12	1	10.67
46	0	2	12	2	9.72
1003	1	2	12	3	9.83
1004	1	2	12	4	9.6
776	0	2	12	5	9.66
170	0	2	12	6	9.9
78	0	2	12	7	9.54
504	0	2	12	8	9.46
133	0	2	12	9	8.03
432	0	2	12	10	9.35
210	0	2	12	11	10.65
111	0	2	12	12	10.55
4	0	2	12	13	10.15
61	0	2	12	14	11.22
478	0	2	12	15	9.1
340	0	2	12	16	10.25
474	0	1	12	17	9.06
1002	1	1	12	18	10.05
238	0	1	12	19	9.39
679	0	1	12	20	9.26
236	0	1	12	21	8.92
337	0	1	12	22	10.13
465	0	1	12	23	8.88
147	0	1	12	24	10.07
531	0	1	12	25	11.86
778	0	1	12	26	8.47
557	0	1	12	27	11.3
113	0	1	12	28	12.11
1003	1	1	12	29	10.23
1007	1	1	12	30	10.43
1002	1	1	12	31	10.41
491	0	1	12	32	11.85
712	0	2	13	1	11.34
204	0	2	13	2	9.99
767	0	2	13	3	11
420	0	2	13	4	10.03
428	0	2	13	5	10.54
760	0	2	13	6	8.59
240	0	2	13	7	10.68
803	0	2	13	8	10.48
320	0	2	13	9	10.4
27	0	2	13	10	9.92
611	0	2	13	11	10.44
691	0	2	13	12	8.28
1009	1	2	13	13	10.75
1001	1	2	13	14	8.71
137	0	2	13	15	10.39
582	0	2	13	16	9.03
1004	1	1	13	17	9.25
1009	1	1	13	18	9.82
346	0	1	13	19	9.94
549	0	1	13	20	10.28
185	0	1	13	21	11.06
628	0	1	13	22	11.13
1006	1	1	13	23	9.86
145	0	1	13	24	9.51
1007	1	1	13	25	12.46
142	0	1	13	26	10.28
1001	1	1	13	27	9.99
1004	1	1	13	28	9.55
1007	1	1	13	29	9.41
560	0	1	13	30	10.37
290	0	1	13	31	9.84
818	0	1	13	32	11.59
638	0	2	14	1	10.06
233	0	2	14	2	9.29
3	0	2	14	3	11.9
47	0	2	14	4	10.42
398	0	2	14	5	10.14
648	0	2	14	6	10.02
83	0	2	14	7	11.16
1002	1	2	14	8	9.79
1007	1	2	14	9	10.93
283	0	2	14	10	9.93
184	0	2	14	11	9.93
21	0	2	14	12	9.96
395	0	2	14	13	11.37
564	0	2	14	14	9.8
771	0	2	14	15	11.65
358	0	2	14	16	12
614	0	1	14	17	12.04
275	0	1	14	18	11.22
667	0	1	14	19	8.5
129	0	1	14	20	9.8
608	0	1	14	21	9.45
232	0	1	14	22	9.37
772	0	1	14	23	9.97
671	0	1	14	24	9.51
469	0	1	14	25	9.79
1001	1	1	14	26	9.69
289	0	1	14	27	10.73
792	0	1	14	28	9
1005	1	1	14	29	8.92
461	0	1	14	30	9.22
339	0	1	14	31	11.18
267	0	1	14	32	10.76
377	0	2	15	1	9.67
105	0	2	15	2	9.06
1008	1	2	15	3	9.28
555	0	2	15	4	10.88
1005	1	2	15	5	11.94
14	0	2	15	6	9.74
131	0	2	15	7	11.43
219	0	2	15	8	9.63
106	0	2	15	9	11.06
794	0	2	15	10	10.61
1010	1	2	15	11	10.26
220	0	2	15	12	9.59
96	0	2	15	13	7.25
599	0	2	15	14	10.76
1004	1	2	15	15	9.82
94	0	2	15	16	11.24
407	0	1	15	17	11.17
634	0	1	15	18	8.62
573	0	1	15	19	10.37
426	0	1	15	20	8.97
122	0	1	15	21	9.01
45	0	1	15	22	10.64
743	0	1	15	23	10.19
417	0	1	15	24	10.08
586	0	1	15	25	9.16
227	0	1	15	26	8.51
1003	1	1	15	27	9.03
1001	1	1	15	28	9.03
572	0	1	15	29	10.56
259	0	1	15	30	9.45
1009	1	1	15	31	11.57
1010	1	1	15	32	11.29
1003	1	2	16	1	9.21
410	0	2	16	2	9.25
1005	1	2	16	3	8.16
1010	1	2	16	4	9.93
635	0	2	16	5	10.42
785	0	2	16	6	8.71
763	0	2	16	7	9.93
8	0	2	16	8	10.28
318	0	2	16	9	9.04
1006	1	2	16	10	10.05
468	0	2	16	11	10.55
26	0	2	16	12	9.72
805	0	2	16	13	7.68
590	0	2	16	14	8.14
603	0	2	16	15	10.59
1001	1	2	16	16	9.48
225	0	1	16	17	8.55
683	0	1	16	18	8.79
1001	1	1	16	19	7.85
19	0	1	16	20	10.08
569	0	1	16	21	9.68
713	0	1	16	22	10.48
402	0	1	16	23	11.66
1010	1	1	16	24	9.58
1005	1	1	16	25	9.61
757	0	1	16	26	9.46
640	0	1	16	27	10.33
505	0	1	16	28	7.69
412	0	1	16	29	9.83
652	0	1	16	30	10.8
574	0	1	16	31	9.09
773	0	1	16	32	7.82
192	0	4	17	1	10.55
664	0	4	17	2	9.93
174	0	4	17	3	8.97
482	0	4	17	4	9.24
716	0	4	17	5	9.94
606	0	4	17	6	11.82
550	0	4	17	7	11.42
578	0	4	17	8	10.34
416	0	4	17	9	9.9
513	0	4	17	10	10.87
1008	1	4	17	11	8.07
1001	1	4	17	12	10.42
768	0	4	17	13	10
384	0	4	17	14	9.63
181	0	4	17	15	10.95
1002	1	4	17	16	8.73
673	0	3	17	17	9.21
440	0	3	17	18	9.54
191	0	3	17	19	9.7
641	0	3	17	20	10.2
44	0	3	17	21	9.84
1005	1	3	17	22	10.02
329	0	3	17	23	10.15
15	0	3	17	24	10.29
292	0	3	17	25	9.03
118	0	3	17	26	9.1
804	0	3	17	27	9.54
373	0	3	17	28	9.52
1006	1	3	17	29	10.07
263	0	3	17	30	7.98
197	0	3	17	31	9.06
1001	1	3	17	32	8.77
264	0	4	18	1	10.34
711	0	4	18	2	10.56
769	0	4	18	3	9.25
518	0	4	18	4	9.57
455	0	4	18	5	10.11
1005	1	4	18	6	10.07
646	0	4	18	7	10.06
52	0	4	18	8	9.42
183	0	4	18	9	11.64
799	0	4	18	10	10.1
592	0	4	18	11	9.47
30	0	4	18	12	9.65
327	0	4	18	13	11.59
101	0	4	18	14	10.98
54	0	4	18	15	9.91
1004	1	4	18	16	9.77
255	0	3	18	17	11.43
704	0	3	18	18	9.8
427	0	3	18	19	10.03
820	0	3	18	20	9.14
463	0	3	18	21	9.27
434	0	3	18	22	9.16
1002	1	3	18	23	8.61
125	0	3	18	24	9.21
728	0	3	18	25	10.71
1010	1	3	18	26	11.32
1004	1	3	18	27	11.59
1004	1	3	18	28	9
1001	1	3	18	29	7.71
117	0	3	18	30	11.19
160	0	3	18	31	9.23
598	0	3	18	32	10.47
680	0	4	19	1	12.1
1003	1	4	19	2	8.4
759	0	4	19	3	10.28
374	0	4	19	4	10.85
376	0	4	19	5	10.47
575	0	4	19	6	11.21
1009	1	4	19	7	11.11
99	0	4	19	8	9.78
162	0	4	19	9	9.72
1009	1	4	19	10	9.93
494	0	4	19	11	9.6
171	0	4	19	12	9.57
216	0	4	19	13	9.02
1006	1	4	19	14	8.66
317	0	4	19	15	10.64
330	0	4	19	16	12.21
348	0	3	19	17	11.69
613	0	3	19	18	9.52
164	0	3	19	19	7.84
37	0	3	19	20	9.9
305	0	3	19	21	10.04
367	0	3	19	22	11.8
328	0	3	19	23	10.82
672	0	3	19	24	8.36
89	0	3	19	25	9.45
143	0	3	19	26	9.39
1008	1	3	19	27	11.21
694	0	3	19	28	10.06
87	0	3	19	29	10.17
34	0	3	19	30	9.32
506	0	3	19	31	9.57
1005	1	3	19	32	9.81
762	0	4	20	1	10.95
17	0	4	20	2	9.48
687	0	4	20	3	8.91
1002	1	4	20	4	9.72
1010	1	4	20	5	9.81
693	0	4	20	6	11.07
450	0	4	20	7	10.56
313	0	4	20	8	12.19
86	0	4	20	9	8.26
596	0	4	20	10	10.35
279	0	4	20	11	9.31
754	0	4	20	12	8.16
1002	1	4	20	13	9.73
666	0	4	20	14	9.89
254	0	4	20	15	9.93
1002	1	4	20	16	9.59
484	0	3	20	17	10.43
288	0	3	20	18	9.16
781	0	3	20	19	10.68
298	0	3	20	20	9.95
296	0	3	20	21	11.35
1010	1	3	20	22	9.85
226	0	3	20	23	10
1006	1	3	20	24	9.67
553	0	3	20	25	9.1
522	0	3	20	26	10.49
738	0	3	20	27	10.63
686	0	3	20	28	9.2
715	0	3	20	29	9.53
13	0	3	20	30	9.34
266	0	3	20	31	9.97
466	0	3	20	32	9.8
293	0	4	21	1	10.66
375	0	4	21	2	9.78
668	0	4	21	3	9.69
727	0	4	21	4	9.71
1008	1	4	21	5	11.14
73	0	4	21	6	10.99
812	0	4	21	7	10.26
36	0	4	21	8	10.02
1005	1	4	21	9	10.92
480	0	4	21	10	8.91
265	0	4	21	11	10.81
11	0	4	21	12	10.28
134	0	4	21	13	9.43
1003	1	4	21	14	10.07
242	0	4	21	15	9.8
222	0	4	21	16	10.25
642	0	3	21	17	9.25
808	0	3	21	18	10.66
705	0	3	21	19	9.95
446	0	3	21	20	10.16
1010	1	3	21	21	10.3
249	0	3	21	22	10.01
1010	1	3	21	23	9.52
121	0	3	21	24	8.29
1010	1	3	21	25	8.85
819	0	3	21	26	9.62
154	0	3	21	27	9.8
390	0	3	21	28	10.81
128	0	3	21	29	9.69
462	0	3	21	30	9.95
119	0	3	21	31	11.09
316	0	3	21	32	11.14
698	0	4	22	1	8.66
282	0	4	22	2	10.58
511	0	4	22	3	9.76
761	0	4	22	4	8.42
442	0	4	22	5	9.82
55	0	4	22	6	11.23
1007	1	4	22	7	11.42
235	0	4	22	8	11.12
567	0	4	22	9	8.99
746	0	4	22	10	9.1
1004	1	4	22	11	10.03
353	0	4	22	12	9.37
806	0	4	22	13	9.59
1005	1	4	22	14	11.88
272	0	4	22	15	10.75
338	0	4	22	16	8.68
1003	1	3	22	17	10.19
742	0	3	22	18	11.92
169	0	3	22	19	10.5
120	0	3	22	20	11.32
100	0	3	22	21	10.55
435	0	3	22	22	11.1
311	0	3	22	23	9.02
325	0	3	22	24	8.84
93	0	3	22	25	8.67
1001	1	3	22	26	10.22
189	0	3	22	27	9.77
354	0	3	22	28	10.02
1007	1	3	22	29	9.77
1003	1	3	22	30	10.13
98	0	3	22	31	9.75
644	0	3	22	32	8.19
559	0	4	23	1	10.61
725	0	4	23	2	10.45
620	0	4	23	3	9.99
64	0	4	23	4	8.95
661	0	4	23	5	8.96
1001	1	4	23	6	8.82
708	0	4	23	7	8.92
692	0	4	23	8	8.63
1005	1	4	23	9	10.55
332	0	4	23	10	9.27
1010	1	4	23	11	10.51
366	0	4	23	12	11.18
67	0	4	23	13	9.94
684	0	4	23	14	9.51
413	0	4	23	15	9.78
224	0	4	23	16	9.62
520	0	3	23	17	9.36
1007	1	3	23	18	10.23
774	0	3	23	19	9.48
758	0	3	23	20	11.27
1003	1	3	23	21	10.78
1007	1	3	23	22	9.27
1003	1	3	23	23	9.14
278	0	3	23	24	10.53
188	0	3	23	25	9.16
498	0	3	23	26	9.61
515	0	3	23	27	11.35
411	0	3	23	28	10.03
678	0	3	23	29	8.97
791	0	3	23	30	10.84
351	0	3	23	31	10.19
1007	1	3	23	32	10.54
587	0	4	24	1	10.6
1010	1	4	24	2	9.22
287	0	4	24	3	8.38
657	0	4	24	4	9.35
662	0	4	24	5	10.48
632	0	4	24	6	9.7
753	0	4	24	7	10.11
1006	1	4	24	8	10.33
514	0	4	24	9	11.3
748	0	4	24	10	11.41
319	0	4	24	11	10.51
281	0	4	24	12	10.47
1008	1	4	24	13	10.1
436	0	4	24	14	9.56
1006	1	4	24	15	10.95
277	0	4	24	16	9.35
115	0	3	24	17	8.97
72	0	3	24	18	10.35
199	0	3	24	19	9.37
595	0	3	24	20	10.47
1008	1	3	24	21	10.41
215	0	3	24	22	9.83
262	0	3	24	23	10.8
214	0	3	24	24	9.98
430	0	3	24	25	10.09
639	0	3	24	26	7.57
585	0	3	24	27	11.17
306	0	3	24	28	10.59
624	0	3	24	29	10.56
471	0	3	24	30	10.62
132	0	3	24	31	10.28
62	0	3	24	32	12.27
406	0	4	25	1	8.7
1001	1	4	25	2	9.3
421	0	4	25	3	10.9
186	0	4	25	4	8.85
56	0	4	25	5	9.67
331	0	4	25	6	8.48
459	0	4	25	7	9.49
605	0	4	25	8	10.15
729	0	4	25	9	10.39
24	0	4	25	10	8.59
722	0	4	25	11	8.84
256	0	4	25	12	9.12
633	0	4	25	13	10.14
231	0	4	25	14	10.82
588	0	4	25	15	7.57
1002	1	4	25	16	9.62
1002	1	3	25	17	9.61
1004	1	3	25	18	8.45
23	0	3	25	19	9.86
443	0	3	25	20	9.72
20	0	3	25	21	9.02
714	0	3	25	22	8.61
1001	1	3	25	23	8.38
735	0	3	25	24	10.57
1005	1	3	25	25	9.65
677	0	3	25	26	7.53
1002	1	3	25	27	10.45
85	0	3	25	28	11.38
1005	1	3	25	29	9.22
790	0	3	25	30	9.17
335	0	3	25	31	11.29
394	0	3	25	32	11.11
241	0	4	26	1	11.76
239	0	4	26	2	10.1
594	0	4	26	3	11.92
295	0	4	26	4	11.86
1004	1	4	26	5	11.12
1007	1	4	26	6	10.34
770	0	4	26	7	11.21
653	0	4	26	8	10.26
756	0	4	26	9	11.28
1009	1	4	26	10	9.29
441	0	4	26	11	9.78
59	0	4	26	12	10.76
43	0	4	26	13	11.91
539	0	4	26	14	9.46
114	0	4	26	15	8.93
1007	1	4	26	16	10.38
280	0	3	26	17	9.52
1	0	3	26	18	9.46
144	0	3	26	19	10.69
545	0	3	26	20	9.9
2	0	3	26	21	9.31
688	0	3	26	22	9.72
1001	1	3	26	23	10.06
31	0	3	26	24	12.19
706	0	3	26	25	9.71
253	0	3	26	26	11.35
88	0	3	26	27	10.24
322	0	3	26	28	9.21
383	0	3	26	29	9.16
453	0	3	26	30	11.59
1002	1	3	26	31	10.32
600	0	3	26	32	10.91
618	0	4	27	1	10.15
524	0	4	27	2	9.08
540	0	4	27	3	10.74
60	0	4	27	4	10.14
1006	1	4	27	5	9.42
245	0	4	27	6	8.43
156	0	4	27	7	10.21
591	0	4	27	8	10.61
1004	1	4	27	9	8.43
166	0	4	27	10	10.7
490	0	4	27	11	8.89
386	0	4	27	12	10.94
807	0	4	27	13	10.17
547	0	4	27	14	10.85
1008	1	4	27	15	11.12
571	0	4	27	16	9.69
391	0	3	27	17	9.7
1009	1	3	27	18	10.43
492	0	3	27	19	10.65
1009	1	3	27	20	10.19
659	0	3	27	21	9.84
503	0	3	27	22	10.36
175	0	3	27	23	10.86
140	0	3	27	24	9.95
536	0	3	27	25	10.57
70	0	3	27	26	10.79
783	0	3	27	27	10.37
1008	1	3	27	28	9.89
670	0	3	27	29	9.9
257	0	3	27	30	11.08
1008	1	3	27	31	10.25
159	0	3	27	32	10.46
500	0	4	28	1	8.89
581	0	4	28	2	10.84
530	0	4	28	3	9.93
1004	1	4	28	4	11.15
1007	1	4	28	5	10.79
228	0	4	28	6	8.43
28	0	4	28	7	9.56
534	0	4	28	8	10.09
273	0	4	28	9	10.08
583	0	4	28	10	10.54
161	0	4	28	11	9.75
326	0	4	28	12	12.12
669	0	4	28	13	10.25
556	0	4	28	14	10.61
404	0	4	28	15	11.21
499	0	4	28	16	9.65
138	0	3	28	17	10.14
1007	1	3	28	18	10.77
1006	1	3	28	19	10.56
1009	1	3	28	20	10.39
1005	1	3	28	21	8.41
5	0	3	28	22	10.32
349	0	3	28	23	8.48
123	0	3	28	24	11.59
566	0	3	28	25	11.15
497	0	3	28	26	8.25
178	0	3	28	27	10.07
483	0	3	28	28	9.41
1006	1	3	28	29	10.82
221	0	3	28	30	10.28
284	0	3	28	31	9.26
795	0	3	28	32	9.67
294	0	4	29	1	9.13
631	0	4	29	2	10.27
731	0	4	29	3	7.3
1003	1	4	29	4	9.85
130	0	4	29	5	11.37
707	0	4	29	6	9.78
418	0	4	29	7	8.91
244	0	4	29	8	9.71
457	0	4	29	9	10.67
301	0	4	29	10	10.65
782	0	4	29	11	11.56
811	0	4	29	12	9.04
1003	1	4	29	13	10.66
206	0	4	29	14	11.77
150	0	4	29	15	8.37
551	0	4	29	16	10.94
41	0	3	29	17	10.51
323	0	3	29	18	10.59
74	0	3	29	19	8.59
291	0	3	29	20	9.02
76	0	3	29	21	10.03
733	0	3	29	22	10.28
1008	1	3	29	23	10.33
787	0	3	29	24	10.82
66	0	3	29	25	9.42
315	0	3	29	26	8.41
630	0	3	29	27	9.61
92	0	3	29	28	10.1
502	0	3	29	29	9.68
258	0	3	29	30	10.53
396	0	3	29	31	10.89
798	0	3	29	32	10.49
108	0	4	30	1	8.21
163	0	4	30	2	10.04
541	0	4	30	3	9.26
647	0	4	30	4	11.44
1007	1	4	30	5	10.73
1001	1	4	30	6	10.8
1009	1	4	30	7	10.78
58	0	4	30	8	9.69
719	0	4	30	9	9.66
49	0	4	30	10	9.92
740	0	4	30	11	9.56
79	0	4	30	12	10.93
1010	1	4	30	13	10.01
532	0	4	30	14	10.48
1008	1	4	30	15	11.12
438	0	4	30	16	9.5
90	0	3	30	17	9.97
685	0	3	30	18	9.75
809	0	3	30	19	10.46
467	0	3	30	20	9.03
304	0	3	30	21	9.61
324	0	3	30	22	10.67
136	0	3	30	23	11.44
681	0	3	30	24	11.78
543	0	3	30	25	10.64
626	0	3	30	26	9.46
312	0	3	30	27	8.9
387	0	3	30	28	9.89
248	0	3	30	29	9.09
612	0	3	30	30	9.25
1004	1	3	30	31	9.9
649	0	3	30	32	11.31
817	0	4	31	1	7.63
333	0	4	31	2	9.82
752	0	4	31	3	10.4
1001	1	4	31	4	8.87
627	0	4	31	5	10.69
777	0	4	31	6	10.02
1009	1	4	31	7	9.91
234	0	4	31	8	8.88
535	0	4	31	9	10.94
570	0	4	31	10	10.06
1005	1	4	31	11	9.64
382	0	4	31	12	9.97
63	0	4	31	13	10.75
1003	1	4	31	14	11.56
629	0	4	31	15	9.21
321	0	4	31	16	10.32
423	0	3	31	17	10.56
237	0	3	31	18	8.34
1003	1	3	31	19	8.73
29	0	3	31	20	12.28
643	0	3	31	21	11.04
604	0	3	31	22	10.33
1002	1	3	31	23	10.59
1006	1	3	31	24	10.58
529	0	3	31	25	8.79
350	0	3	31	26	6.82
602	0	3	31	27	9.11
451	0	3	31	28	8.74
636	0	3	31	29	11.36
1009	1	3	31	30	11.26
1009	1	3	31	31	9.96
764	0	3	31	32	10.29
368	0	4	32	1	8.12
717	0	4	32	2	8.06
1006	1	4	32	3	8.88
155	0	4	32	4	9.37
1010	1	4	32	5	10.22
378	0	4	32	6	10.88
448	0	4	32	7	9.22
341	0	4	32	8	10.51
229	0	4	32	9	10.48
200	0	4	32	10	10.03
65	0	4	32	11	7.75
148	0	4	32	12	10.58
405	0	4	32	13	9.24
475	0	4	32	14	10.79
116	0	4	32	15	9.87
393	0	4	32	16	9.11
548	0	3	32	17	8.15
766	0	3	32	18	9.77
352	0	3	32	19	9.3
701	0	3	32	20	9.9
302	0	3	32	21	9.85
460	0	3	32	22	9.36
361	0	3	32	23	9.36
276	0	3	32	24	10.27
747	0	3	32	25	10.05
38	0	3	32	26	8.06
496	0	3	32	27	9.56
700	0	3	32	28	9.84
124	0	3	32	29	8.91
360	0	3	32	30	9.73
300	0	3	32	31	8.34
1004	1	3	32	32	9.99
