INDIV	Male	Female	FAM	Pop	WT1	WT2	WT3
1	13	10013	13-10013	1	16.0	15.4	15.9
2	52	10052	52-10052	1	14.9	15.0	15.7
3	34	10034	34-10034	1	15.0	14.8	16.0
4	3	1003	3-1003	1	15.0	15.2	16.4
5	56	10056	56-10056	1	15.9	15.3	16.6
6	35	10035	35-10035	1	16.1	16.3	17.1
7	8	1008	8-1008	1	15.2	15.2	16.2
8	10	10010	10-10010	1	13.5	13.5	14.1
9	11	10011	11-10011	1	14.5	14.2	15.6
10	61	10061	61-10061	1	20.0	19.1	21.2
11	17	10017	17-10017	1	15.2	15.0	16.0
12	232	10232	232-10232	1	15.7	16.0	17.3
13	57	10057	57-10057	1	15.7	15.7	16.1
14	5	1005	5-1005	1	16.0	16.3	16.6
15	14	10014	14-10014	1	15.0	16.0	16.5
16	51	10051	51-10051	1	15.0	14.0	15.6
17	30	10030	30-10030	1	16.0	15.7	16.1
18	11	10011	11-10011	1	14.0	14.0	14.4
19	30	10030	30-10030	1	14.5	14.6	14.8
20	11	10011	11-10011	1	14.5	15.2	16.2
21	11	10011	11-10011	1	15.5	15.7	16.3
22	11	10011	11-10011	1	14.4	14.5	14.7
23	11	10011	11-10011	1	15.5	13.9	14.8
24	17	10017	17-10017	1	16.2	16.5	17.8
25	13	10013	13-10013	1	17.4	17.0	17.7
26	11	10011	11-10011	1	15.0	13.6	14.3
27	3	1003	3-1003	1	17.0	16.6	17.2
28	11	10011	11-10011	1	14.0	14.2	14.2
29	50	10050	50-10050	1	17.5	17.3	17.5
30	8	1008	8-1008	1	12.9	14.0	13.7
31	14	10014	14-10014	1	14.5	14.7	15.7
32	59	10059	59-10059	1	17.0	17.2	18.2
33	34	10034	34-10034	1	14.9	15.5	16.0
34	51	10051	51-10051	1	16.6	15.3	17.2
35	11	10011	11-10011	1	13.0	12.8	13.5
36	30	10030	30-10030	1	15.2	16.5	17.3
37	3	1003	3-1003	1	15.2	15.7	15.9
38	46	10046	46-10046	1	17.0	15.9	17.6
39	10	10010	10-10010	1	15.0	18.2	18.0
40	26	10026	26-10026	1	12.5	15.7	14.5
41	57	10057	57-10057	1	13.5	15.8	15.6
42	56	10056	56-10056	1	16.8	17.5	18.0
43	59	10059	59-10059	1	16.4	18.1	17.9
44	26	10026	26-10026	1	16.7	17.0	17.4
45	21	10021	21-10021	1	15.0	17.2	16.3
46	46	10046	46-10046	1	17.0	17.8	18.7
47	35	10035	35-10035	1	15.2	16.4	16.7
48	5	1005	5-1005	1	16.4	16.6	17.1
49	35	10035	35-10035	1	13.9	16.5	16.7
50	39	10039	39-10039	1	16.2	16.9	18.1
51	46	10046	46-10046	1	18.0	19.0	19.4
52	8	1008	8-1008	1	15.7	15.4	16.8
53	36	10036	36-10036	1	15.2	15.2	16.7
54	14	10014	14-10014	1	16.6	16.2	17.0
55	11	10011	11-10011	1	13.7	14.2	14.7
56	8	1008	8-1008	1	18.2	18.0	18.6
57	14	10014	14-10014	1	17.1	17.0	18.0
58	21	10021	21-10021	1	13.4	17.0	15.4
59	61	10061	61-10061	1	15.2	17.8	17.2
60	4	1004	4-1004	1	16.2	16.3	17.5
61	8	1008	8-1008	1	15.5	16.0	15.8
62	8	1008	8-1008	1	15.0	15.3	16.0
63	232	10232	232-10232	1	15.5	15.5	15.7
64	30	10030	30-10030	1	14.0	14.3	14.8
65	21	10021	21-10021	1	15.5	15.6	17.1
66	21	10021	21-10021	1	15.5	16.2	17.1
67	11	10011	11-10011	1	14.1	15.0	14.7
68	8	1008	8-1008	1	15.0	14.8	15.9
69	13	10013	13-10013	1	15.5	15.5	16.9
70	59	10059	59-10059	1	16.5	16.4	16.7
71	4	1004	4-1004	1	12.5	15.1	13.9
72	46	10046	46-10046	2	15.0	15.3	15.3
73	39	10039	39-10039	2	14.7	15.8	16.8
74	14	10014	14-10014	2	17.2	19.0	19.4
75	13	10013	13-10013	2	14.5	16.7	15.6
76	8	1008	8-1008	2	15.4	17.7	18.0
77	26	10026	26-10026	2	15.7	15.3	16.2
78	57	10057	57-10057	2	17.2	17.4	18.6
79	35	10035	35-10035	2	15.5	16.9	17.5
80	333	10333	333-10333	2	16.5	17.6	18.3
81	13	10013	13-10013	2	14.5	15.5	15.1
82	444	10444	444-10444	2	15.0	16.2	15.8
83	46	10046	46-10046	2	15.8	14.6	16.0
84	50	10050	50-10050	2	17.7	18.0	19.4
85	10	10010	10-10010	2	14.0	18.3	17.4
86	13	10013	13-10013	2	14.2	14.3	14.5
87	5	1005	5-1005	2	17.0	14.6	16.7
88	61	10061	61-10061	2	17.8	18.4	19.2
89	26	10026	26-10026	2	15.0	16.0	15.8
90	52	10052	52-10052	2	15.0	15.5	15.4
91	13	10013	13-10013	2	16.8	17.2	17.2
92	4	1004	4-1004	2	17.5	19.0	18.5
93	59	10059	59-10059	2	16.0	15.8	16.8
94	36	10036	36-10036	2	17.0	17.9	18.2
95	21	10021	21-10021	2	16.2	15.6	16.7
96	5	1005	5-1005	2	14.0	13.9	15.2
97	12	10012	12-10012	2	14.4	14.5	14.5
98	21	10021	21-10021	2	16.2	16.4	17.8
99	4	1004	4-1004	2	13.0	13.4	14.3
100	39	10039	39-10039	2	15.2	15.8	16.8
101	11	10011	11-10011	2	15.0	14.8	16.1
102	21	10021	21-10021	2	15.0	15.3	16.1
103	333	10333	333-10333	2	14.9	15.2	15.4
104	12	10012	12-10012	2	14.5	16.2	16.0
105	444	10444	444-10444	2	15.0	15.4	16.1
106	3	1003	3-1003	2	15.2	16.8	17.6
107	61	10061	61-10061	2	17.2	15.4	16.7
108	21	10021	21-10021	2	13.2	13.5	13.4
109	21	10021	21-10021	2	13.2	13.5	14.4
110	30	10030	30-10030	2	14.0	15.8	15.3
111	26	10026	26-10026	2	14.2	17.7	16.0
112	34	10034	34-10034	2	16.7	16.8	18.3
113	5	1005	5-1005	2	15.0	16.0	16.2
114	11	10011	11-10011	2	16.0	16.0	16.7
115	61	10061	61-10061	2	16.2	14.0	16.0
116	11	10011	11-10011	2	14.0	16.2	15.7
117	8	1008	8-1008	2	15.9	16.8	17.2
118	34	10034	34-10034	2	15.2	15.3	16.2
119	21	10021	21-10021	2	16.0	16.0	16.4
120	46	10046	46-10046	3	15.0	15.8	16.9
121	12	10012	12-10012	3	16.2	17.5	17.6
122	59	10059	59-10059	3	14.2	15.8	15.8
123	21	10021	21-10021	3	15.5	17.0	17.4
124	34	10034	34-10034	3	15.5	17.0	17.1
125	40	10040	40-10040	3	13.2	17.6	16.3
126	61	10061	61-10061	3	16.5	19.0	18.3
127	59	10059	59-10059	3	16.5	18.3	18.9
128	232	10232	232-10232	3	16.0	17.5	16.9
129	59	10059	59-10059	3	15.0	16.5	15.9
130	61	10061	61-10061	3	16.2	15.0	17.2
131	232	10232	232-10232	3	17.4	17.0	18.3
132	14	10014	14-10014	3	15.2	18.0	16.6
133	59	10059	59-10059	3	18.0	19.0	20.1
134	39	10039	39-10039	3	15.5	15.9	16.8
135	21	10021	21-10021	3	15.0	16.3	16.0
136	56	10056	56-10056	3	17.5	20.0	19.4
137	3	1003	3-1003	3	14.0	17.4	16.0
138	12	10012	12-10012	3	14.0	14.7	15.7
139	39	10039	39-10039	3	16.0	16.1	17.3
140	10	10010	10-10010	3	15.2	16.2	16.3
141	50	10050	50-10050	3	16.7	18.2	17.6
142	232	10232	232-10232	3	16.6	16.4	18.0
143	59	10059	59-10059	3	16.4	16.5	17.9
144	39	10039	39-10039	3	15.9	16.6	17.7
145	3	1003	3-1003	3	14.0	15.0	15.0
146	34	10034	34-10034	3	15.2	16.6	16.6
147	56	10056	56-10056	3	17.4	19.4	19.7
148	17	10017	17-10017	3	16.2	18.0	18.4
149	30	10030	30-10030	3	15.8	17.3	18.1
150	17	10017	17-10017	3	16.0	18.1	18.6
151	555	10555	555-10555	3	16.0	16.0	16.8
152	232	10232	232-10232	3	14.0	15.6	15.4
153	46	10046	46-10046	3	14.5	15.9	16.3
154	8	1008	8-1008	3	15.5	18.2	18.2
155	59	10059	59-10059	3	16.4	16.0	17.2
156	14	10014	14-10014	3	14.7	14.9	15.5
157	46	10046	46-10046	3	15.0	15.8	16.3
158	26	10026	26-10026	3	14.5	14.7	15.2
159	34	10034	34-10034	3	13.7	13.7	13.8
160	59	10059	59-10059	3	14.5	14.1	15.0
161	8	1008	8-1008	3	17.0	16.9	17.7
162	12	10012	12-10012	3	16.2	16.0	17.5
163	8	1008	8-1008	3	17.0	17.0	17.2
164	46	10046	46-10046	3	16.0	17.0	18.1
165	39	10039	39-10039	3	15.2	15.3	15.3
166	30	10030	30-10030	3	14.8	15.0	15.1
167	52	10052	52-10052	3	17.0	17.7	17.7
168	11	10011	11-10011	3	18.0	13.4	16.3
169	30	10030	30-10030	3	16.0	14.1	15.3
170	4	1004	4-1004	3	16.0	16.0	16.7
171	40	10040	40-10040	3	15.2	18.4	17.9
172	14	10014	14-10014	3	18.5	18.5	18.8
173	56	10056	56-10056	3	17.2	17.5	18.4
174	50	10050	50-10050	3	12.9	19.3	17.0
175	10	10010	10-10010	3	15.8	17.0	17.5
176	57	10057	57-10057	3	14.9	16.2	15.9
177	57	10057	57-10057	3	14.2	14.9	14.6
178	21	10021	21-10021	3	14.7	14.6	15.7
179	14	10014	14-10014	3	16.4	17.9	18.7
180	4	1004	4-1004	3	15.7	16.2	17.3
181	333	10333	333-10333	3	15.5	16.2	16.1
182	3	1003	3-1003	3	14.5	16.1	16.6
183	10	10010	10-10010	3	18.5	17.4	18.8
184	232	10232	232-10232	3	16.2	17.9	17.1
185	57	10057	57-10057	3	14.0	15.0	14.9
186	11	10011	11-10011	3	14.0	14.5	14.4
187	4	1004	4-1004	4	13.5	15.0	15.4
188	444	10444	444-10444	4	14.5	14.6	15.0
189	51	10051	51-10051	4	15.9	16.2	16.9
190	8	1008	8-1008	4	16.0	16.0	17.2
191	26	10026	26-10026	4	14.8	15.0	15.1
192	14	10014	14-10014	4	16.5	17.0	17.9
193	11	10011	11-10011	4	16.5	16.7	16.6
194	56	10056	56-10056	4	15.2	16.0	15.9
195	52	10052	52-10052	4	16.0	18.0	18.6
196	12	10012	12-10012	4	15.0	17.0	16.5
197	8	1008	8-1008	4	15.5	18.0	18.2
198	5	1005	5-1005	4	15.5	18.0	17.0
199	36	10036	36-10036	4	15.5	18.3	17.9
200	35	10035	35-10035	4	14.5	15.7	16.5
201	52	10052	52-10052	4	16.0	18.1	18.5
202	51	10051	51-10051	4	15.2	18.8	17.6
203	59	10059	59-10059	4	15.0	16.4	16.9
204	36	10036	36-10036	4	14.1	18.2	17.5
205	4	1004	4-1004	4	14.5	15.7	16.4
206	11	10011	11-10011	4	13.8	15.4	15.7
207	35	10035	35-10035	4	16.2	16.3	17.0
208	21	10021	21-10021	4	18.5	19.7	20.2
209	12	10012	12-10012	4	17.4	20.8	19.8
210	51	10051	51-10051	4	14.5	16.4	15.5
211	232	10232	232-10232	4	15.2	17.0	16.6
212	10	10010	10-10010	4	14.2	14.9	15.5
213	8	1008	8-1008	4	16.9	18.5	18.3
214	8	1008	8-1008	4	17.0	18.2	18.4
215	51	10051	51-10051	4	15.5	15.4	15.7
216	3	1003	3-1003	4	14.5	17.2	16.5
217	46	10046	46-10046	4	17.7	15.8	16.9
218	35	10035	35-10035	4	15.2	17.0	16.5
219	39	10039	39-10039	4	14.5	16.0	16.5
220	10	10010	10-10010	4	15.2	16.0	16.0
221	59	10059	59-10059	4	14.5	15.4	15.2
222	13	10013	13-10013	4	16.2	17.2	18.3
223	5	1005	5-1005	4	16.0	17.6	17.5
224	12	10012	12-10012	4	15.5	17.3	17.5
225	61	10061	61-10061	4	20.0	19.1	20.3
226	40	10040	40-10040	4	16.5	18.3	18.5
227	8	1008	8-1008	4	17.2	18.6	18.5
228	46	10046	46-10046	4	16.2	17.6	17.4
229	34	10034	34-10034	4	14.0	14.7	14.7
230	232	10232	232-10232	4	14.0	15.0	15.5
231	12	10012	12-10012	4	14.0	14.0	15.2
232	61	10061	61-10061	4	17.2	18.5	18.0
233	12	10012	12-10012	4	15.6	16.4	16.5
234	51	10051	51-10051	4	14.5	15.6	15.7
235	40	10040	40-10040	4	15.0	17.0	17.0
236	51	10051	51-10051	4	13.9	15.9	15.7
237	50	10050	50-10050	4	15.1	17.6	17.5
238	52	10052	52-10052	4	17.4	18.0	19.3
239	10	10010	10-10010	4	14.5	16.0	16.6
240	5	1005	5-1005	4	16.7	17.0	17.8
241	40	10040	40-10040	4	17.2	19.8	18.5
242	3	1003	3-1003	4	14.5	17.0	15.9
243	10	10010	10-10010	4	14.9	16.9	16.3
244	40	10040	40-10040	4	16.5	18.4	17.7
245	46	10046	46-10046	4	14.5	15.0	16.0
246	3	1003	3-1003	4	15.0	16.0	16.1
247	46	10046	46-10046	4	16.0	17.5	17.7
248	35	10035	35-10035	4	16.0	16.8	17.3
249	39	10039	39-10039	4	16.9	15.7	17.6
250	57	10057	57-10057	4	16.0	14.2	16.6
251	12	10012	12-10012	4	15.2	16.1	16.7
252	232	10232	232-10232	4	15.0	17.5	17.8
253	11	10011	11-10011	4	14.2	15.8	16.5
254	232	10232	232-10232	4	17.2	18.2	18.3
255	232	10232	232-10232	4	16.2	16.3	17.6
256	26	10026	26-10026	4	12.5	15.1	15.1
257	61	10061	61-10061	4	14.0	18.6	17.0
258	5	1005	5-1005	4	15.6	17.2	18.0
259	35	10035	35-10035	4	15.0	18.2	17.6
260	444	10444	444-10444	4	14.2	15.2	14.9
261	36	10036	36-10036	4	15.0	17.2	16.3
262	39	10039	39-10039	4	14.0	14.2	15.4
263	26	10026	26-10026	4	14.8	16.2	16.6
264	232	10232	232-10232	4	16.0	15.1	16.9
265	13	10013	13-10013	4	15.0	16.3	17.1
266	50	10050	50-10050	4	15.8	15.8	16.5
267	57	10057	57-10057	4	14.0	15.5	15.1
268	10	10010	10-10010	4	13.5	15.1	15.0
269	35	10035	35-10035	4	19.2	20.2	21.0
270	61	10061	61-10061	4	17.8	19.4	19.1
271	10	10010	10-10010	4	15.0	17.0	17.6
272	17	10017	17-10017	4	16.0	17.1	17.7
273	17	10017	17-10017	4	14.2	16.3	16.5
274	56	10056	56-10056	4	14.9	15.4	15.8
275	40	10040	40-10040	5	16.5	19.0	18.9
276	14	10014	14-10014	5	17.2	18.5	18.9
277	46	10046	46-10046	5	16.2	21.0	18.9
278	10	10010	10-10010	5	16.0	16.0	17.5
279	56	10056	56-10056	5	15.4	16.5	17.3
280	56	10056	56-10056	5	16.5	17.5	18.4
281	10	10010	10-10010	5	15.0	16.0	16.0
282	35	10035	35-10035	5	15.0	16.0	16.2
283	5	1005	5-1005	5	15.2	16.5	16.3
284	26	10026	26-10026	5	15.6	16.9	16.7
285	232	10232	232-10232	5	16.0	17.0	16.7
286	232	10232	232-10232	5	16.0	17.3	18.2
287	3	1003	3-1003	5	15.2	15.7	16.3
288	59	10059	59-10059	5	15.2	16.7	17.0
289	5	1005	5-1005	5	16.2	17.5	18.3
290	46	10046	46-10046	5	17.0	19.5	20.0
291	3	1003	3-1003	5	16.7	18.1	19.0
292	5	1005	5-1005	5	15.4	16.7	17.4
293	14	10014	14-10014	5	15.5	16.0	16.9
294	444	10444	444-10444	5	16.5	18.2	18.6
295	61	10061	61-10061	5	17.5	20.0	19.9
296	56	10056	56-10056	5	16.2	17.0	17.7
297	8	1008	8-1008	5	15.4	17.0	17.6
298	30	10030	30-10030	5	15.5	16.0	17.1
299	17	10017	17-10017	5	15.2	16.5	16.9
300	232	10232	232-10232	5	15.2	15.5	16.5
301	17	10017	17-10017	5	15.2	17.0	16.6
302	36	10036	36-10036	5	16.0	18.0	17.7
303	39	10039	39-10039	5	15.2	16.0	16.3
304	35	10035	35-10035	5	17.9	18.3	18.9
305	34	10034	34-10034	5	14.0	15.2	15.3
306	3	1003	3-1003	5	15.4	15.5	16.9
307	333	10333	333-10333	5	15.2	16.5	17.0
308	5	1005	5-1005	5	15.3	16.8	16.3
309	56	10056	56-10056	5	16.2	17.3	18.0
310	232	10232	232-10232	5	13.5	16.0	14.8
311	46	10046	46-10046	5	17.2	19.2	18.7
312	12	10012	12-10012	5	15.0	17.0	16.4
313	59	10059	59-10059	5	14.2	17.6	17.4
314	13	10013	13-10013	5	16.4	17.6	17.9
315	46	10046	46-10046	5	15.2	16.3	16.2
316	46	10046	46-10046	5	17.4	17.6	17.8
317	52	10052	52-10052	5	18.0	18.4	19.0
318	56	10056	56-10056	5	15.8	16.0	15.9
319	34	10034	34-10034	5	18.5	18.5	18.7
320	26	10026	26-10026	5	14.2	16.0	15.7
321	232	10232	232-10232	5	16.2	17.2	17.4
322	34	10034	34-10034	5	16.2	18.0	18.4
323	35	10035	35-10035	5	16.0	17.2	16.7
324	444	10444	444-10444	5	14.4	16.2	15.7
325	21	10021	21-10021	5	14.5	16.0	16.5
326	21	10021	21-10021	5	16.7	18.0	18.3
327	61	10061	61-10061	5	15.2	17.6	17.6
328	5	1005	5-1005	5	13.5	14.5	14.9
329	14	10014	14-10014	5	15.4	16.8	16.4
330	40	10040	40-10040	5	19.0	17.7	18.8
331	59	10059	59-10059	5	16.7	14.4	16.8
332	59	10059	59-10059	5	16.2	16.8	17.0
333	35	10035	35-10035	5	16.2	17.3	17.3
334	12	10012	12-10012	5	15.2	15.3	15.7
335	232	10232	232-10232	5	16.5	17.0	17.0
336	17	10017	17-10017	5	16.0	16.7	17.4
337	40	10040	40-10040	5	17.2	18.6	18.2
338	46	10046	46-10046	5	18.2	18.8	19.9
339	61	10061	61-10061	5	14.0	17.8	16.2
340	26	10026	26-10026	5	16.5	18.0	18.6
341	26	10026	26-10026	5	15.2	15.4	16.0
342	10	10010	10-10010	5	14.0	14.5	14.7
343	52	10052	52-10052	5	16.2	18.2	18.9
344	3	1003	3-1003	5	15.5	16.6	16.8
345	34	10034	34-10034	5	15.8	17.6	17.2
346	5	1005	5-1005	5	17.2	17.0	17.2
347	39	10039	39-10039	5	17.0	18.0	19.1
348	52	10052	52-10052	5	17.7	17.1	18.3
349	50	10050	50-10050	5	16.5	18.5	18.0
350	26	10026	26-10026	5	14.8	16.4	15.7
351	40	10040	40-10040	5	16.7	18.0	18.1
352	3	1003	3-1003	5	16.0	16.6	17.3
353	26	10026	26-10026	5	16.0	17.0	18.1
354	5	1005	5-1005	5	17.5	17.8	19.0
355	8	1008	8-1008	5	16.2	17.8	17.7
356	56	10056	56-10056	5	15.5	16.5	17.4
357	40	10040	40-10040	5	16.5	18.2	18.3
358	14	10014	14-10014	6	14.4	15.9	15.8
359	232	10232	232-10232	6	14.1	18.0	16.3
360	4	1004	4-1004	6	14.5	14.6	15.5
361	56	10056	56-10056	6	13.5	17.5	16.2
362	8	1008	8-1008	6	16.2	16.9	17.3
363	30	10030	30-10030	6	15.5	15.5	15.6
364	8	1008	8-1008	6	16.5	16.8	17.8
365	10	10010	10-10010	6	14.0	14.0	14.1
366	30	10030	30-10030	6	17.0	15.5	17.6
367	57	10057	57-10057	6	14.9	15.0	16.0
368	10	10010	10-10010	6	14.2	14.4	14.4
369	50	10050	50-10050	6	14.2	15.4	15.5
370	56	10056	56-10056	6	18.2	17.5	19.0
371	57	10057	57-10057	6	15.0	15.0	15.2
372	21	10021	21-10021	6	16.0	16.3	16.5
373	4	1004	4-1004	6	15.7	16.0	17.2
374	666	10666	666-10666	6	14.0	14.9	14.6
375	10	10010	10-10010	6	14.9	14.8	15.5
376	8	1008	8-1008	6	14.2	14.3	14.3
377	57	10057	57-10057	6	15.0	15.5	15.8
378	51	10051	51-10051	6	15.5	17.8	17.9
379	59	10059	59-10059	6	14.8	15.7	16.7
380	17	10017	17-10017	6	14.8	15.4	15.4
381	56	10056	56-10056	6	16.0	16.2	17.1
382	59	10059	59-10059	6	15.0	15.0	15.5
383	34	10034	34-10034	6	14.0	14.4	14.7
384	57	10057	57-10057	6	15.0	14.0	14.8
385	30	10030	30-10030	6	16.4	18.0	18.5
386	3	1003	3-1003	6	15.5	15.8	17.2
387	34	10034	34-10034	6	13.7	13.6	14.0
388	46	10046	46-10046	6	17.3	16.6	17.0
389	52	10052	52-10052	6	17.6	16.5	18.5
390	232	10232	232-10232	6	14.0	15.6	15.5
391	4	1004	4-1004	6	14.2	14.6	14.9
392	3	1003	3-1003	6	16.5	16.6	17.3
393	777	10777	777-10777	6	14.5	16.8	15.9
394	30	10030	30-10030	6	16.5	15.5	17.4
395	8	1008	8-1008	6	14.0	18.6	16.6
396	21	10021	21-10021	6	14.5	14.6	14.7
397	17	10017	17-10017	6	16.4	18.0	18.5
398	13	10013	13-10013	6	15.2	15.4	16.3
399	21	10021	21-10021	6	15.2	15.5	16.1
400	10	10010	10-10010	6	15.0	15.0	16.0
401	5	1005	5-1005	6	16.0	15.9	16.5
402	34	10034	34-10034	6	15.0	15.3	16.6
403	17	10017	17-10017	6	13.6	13.8	14.6
404	21	10021	21-10021	6	15.0	16.5	17.3
405	57	10057	57-10057	6	16.0	15.7	17.4
406	11	10011	11-10011	6	14.9	14.8	14.9
407	56	10056	56-10056	6	14.6	16.9	16.4
408	21	10021	21-10021	6	16.4	18.0	18.7
409	52	10052	52-10052	6	15.0	15.3	15.4
410	4	1004	4-1004	6	15.2	15.2	16.5
411	52	10052	52-10052	6	15.2	15.4	15.9
412	10	10010	10-10010	6	15.2	15.0	15.1
413	21	10021	21-10021	6	17.0	14.9	17.3
414	4	1004	4-1004	6	17.2	18.1	19.0
415	34	10034	34-10034	6	13.9	14.8	15.5
416	11	10011	11-10011	6	18.2	15.8	17.8
417	57	10057	57-10057	6	13.9	14.4	14.8
418	26	10026	26-10026	6	16.4	18.0	17.6
419	30	10030	30-10030	6	15.9	17.0	17.1
420	36	10036	36-10036	6	15.5	16.2	16.4
421	30	10030	30-10030	6	16.8	17.9	18.5
422	10	10010	10-10010	6	16.2	15.9	16.3
423	232	10232	232-10232	6	14.9	15.2	15.7
424	8	1008	8-1008	6	15.5	16.8	17.7
425	34	10034	34-10034	6	15.7	14.8	16.0
426	46	10046	46-10046	6	14.2	13.6	15.0
427	4	1004	4-1004	6	15.6	16.1	17.0
428	17	10017	17-10017	6	15.0	16.4	17.0
