ID	SireID 	DamID 	Family	Weight 
1001	120	125	22	88.3
1002	120	125	22	84.9
1003	120	125	22	76.8
1004	121	114	23	95.4
1005	121	114	23	85.4
1006	121	114	23	74.8
1007	121	114	23	103.4
1008	121	114	23	78.7
1009	121	114	23	109.5
1010	121	114	23	113.1
1011	121	114	23	95.4
1012	121	114	23	91.1
1013	121	114	23	85.4
1014	121	114	23	85.4
1015	121	114	23	86.0
1016	121	114	23	99.0
1017	121	114	23	78.1
1018	121	114	23	78.1
1019	121	114	23	93.8
1020	121	114	23	91.1
1021	121	114	23	89.4
1022	121	114	23	104.9
1023	121	114	23	90.0
1024	121	114	23	84.3
1025	121	114	23	92.2
1026	121	114	23	87.7
1027	121	114	23	101.5
1028	121	114	23	84.9
1029	121	114	23	99.0
1030	121	114	23	86.6
1031	121	114	23	98.0
1032	121	114	23	81.9
1033	121	114	23	101.0
1034	133	95	24	100.5
1035	133	95	24	81.2
1036	133	95	24	93.8
1037	133	95	24	94.3
1038	133	95	24	71.4
1039	133	95	24	81.9
1040	133	95	24	89.4
1041	133	95	24	74.2
1042	133	95	24	93.3
1043	133	95	24	82.5
1044	133	95	24	93.8
1045	133	95	24	70.7
1046	135	112	25	82.5
1047	135	112	25	81.2
1048	135	112	25	84.9
1049	135	112	25	84.3
1050	135	112	25	103.0
1051	135	112	25	91.7
1052	135	112	25	74.2
1053	135	112	25	101.0
1054	135	112	25	86.6
1055	135	112	25	76.2
1056	135	112	25	92.2
1057	135	112	25	82.5
1058	135	112	25	102.5
1059	135	112	25	86.6
1060	135	112	25	83.7
1061	135	112	25	92.7
1062	135	112	25	76.8
1063	135	112	25	91.1
1064	135	112	25	100.0
1065	144	116	26	83.1
1066	144	116	26	81.9
1067	144	116	26	99.5
1068	144	116	26	104.4
1069	144	116	26	100.0
1070	144	116	26	80.6
1071	144	116	26	79.4
1072	144	116	26	82.5
1073	144	116	26	87.2
1074	144	116	26	75.5
1075	144	116	26	97.0
1076	144	116	26	79.4
1077	144	116	26	80.6
1078	144	116	26	77.5
1079	144	116	26	86.6
1080	144	116	26	94.9
1081	144	116	26	74.2
1082	144	116	26	83.1
1083	144	116	26	80.6
1084	144	116	26	81.9
1085	144	116	26	70.7
1086	144	116	26	74.8
1087	144	116	26	83.7
1088	144	116	26	97.5
1089	144	116	26	80.0
1090	144	116	26	99.5
1091	144	116	26	103.4
1092	144	116	26	79.4
1093	144	116	26	88.9
1094	144	116	26	97.5
1095	144	116	26	72.8
1096	144	116	26	92.2
1097	144	116	26	87.7
1098	144	116	26	98.0
1099	144	116	26	84.3
1100	144	116	26	82.5
1101	144	116	26	90.6
1102	144	116	26	105.8
1103	144	116	26	67.1
1104	144	116	26	80.0
1105	148	52	27	88.9
1106	148	52	27	74.2
1107	148	52	27	102.0
1108	148	52	27	87.2
1109	148	52	27	76.8
1110	148	52	27	66.3
1111	578	137	28	100.0
1112	578	137	28	76.2
1113	578	137	28	77.5
1114	578	137	28	72.8
1115	578	137	28	76.2
1116	578	137	28	82.5
1117	578	137	28	88.3
1118	578	137	28	88.3
1119	578	137	28	101.0
1120	578	137	28	91.1
1121	578	137	28	94.9
1122	578	137	28	84.3
1123	578	137	28	97.5
1124	578	137	28	86.0
1125	578	137	28	78.7
1126	578	137	28	81.2
1127	592	138	29	78.7
1128	592	138	29	77.5
1129	592	138	29	72.8
1130	592	138	29	90.6
1131	592	138	29	76.8
1132	592	138	29	76.8
1133	592	138	29	92.7
1134	592	138	29	81.9
1135	602	80	30	64.8
1136	602	80	30	90.0
1137	602	80	30	93.3
1138	602	80	30	102.0
1139	602	80	30	67.1
1140	602	80	30	88.9
1141	602	80	30	110.9
1142	715	141	31	78.1
1143	715	141	31	98.0
1144	715	141	31	90.0
1145	715	141	31	84.9
1146	715	141	31	82.5
1147	715	141	31	73.5
1148	715	141	31	88.9
1149	715	141	31	77.5
1150	715	141	31	84.9
1151	717	53	32	86.6
1152	717	53	32	71.4
1153	717	53	32	88.9
1154	717	53	32	70.7
1155	717	53	32	101.0
1156	717	53	32	83.1
1157	717	53	32	94.9
1158	1001	100	1	60.0
1159	1001	100	1	94.9
1160	1001	100	1	74.8
1161	1001	100	1	102.5
1162	1001	100	1	80.6
1163	1001	100	1	89.4
1164	1010	18	10	79.4
1165	1010	18	10	78.7
1166	1010	18	10	83.7
1167	1010	18	10	76.2
1168	1010	18	10	77.5
1169	1010	18	10	78.1
1170	1010	18	10	74.2
1171	1010	18	10	120.4
1172	1010	18	10	88.9
1173	1010	18	10	74.2
1174	1010	18	10	87.7
1175	1010	18	10	72.8
1176	1011	63	11	87.2
1177	1011	63	11	114.5
1178	1012	16	12	119.2
1179	1012	16	12	117.5
1180	1012	16	12	102.5
1181	1012	16	12	78.1
1182	1012	16	12	89.4
1183	1012	16	12	81.9
1184	1012	16	12	92.2
1185	1012	16	12	70.7
1186	1012	16	12	91.1
1187	1012	16	12	97.5
1188	1012	16	12	115.8
1189	1012	16	12	110.0
1190	1012	16	12	70.0
1191	1012	16	12	83.7
1192	1012	16	12	100.0
1193	1012	16	12	94.9
1194	1012	16	12	86.6
1195	1012	16	12	114.0
1196	1012	16	12	95.9
1197	1012	16	12	103.9
1198	1012	16	12	99.0
1199	1012	16	12	108.2
1200	1012	16	12	94.3
1201	1012	16	12	94.3
1202	1012	16	12	67.1
1203	1012	16	12	88.3
1204	1015	8	13	90.0
1205	1015	8	13	83.7
1206	1015	8	13	99.0
1207	1015	8	13	109.1
1208	1015	8	13	74.8
1209	1015	8	13	90.0
1210	1015	8	13	97.5
1211	1016	34	14	79.4
1212	1016	34	14	90.0
1213	1016	34	14	88.3
1214	1016	34	14	95.9
1215	1016	34	14	94.9
1216	1016	34	14	80.6
1217	1017	117	15	81.9
1218	1017	117	15	80.0
1219	1017	117	15	78.7
1220	1017	117	15	75.5
1221	1017	117	15	75.5
1222	1017	117	15	81.2
1223	1002	24	2	92.2
1224	1002	24	2	101.0
1225	1002	24	2	89.4
1226	1002	24	2	89.4
1227	1002	24	2	105.4
1228	1002	24	2	90.0
1229	1002	24	2	77.5
1230	1002	24	2	94.3
1231	1002	24	2	68.6
1232	1002	24	2	88.3
1233	1002	24	2	91.7
1234	1002	24	2	97.0
1235	1002	24	2	72.1
1236	1002	24	2	88.9
1237	1002	24	2	75.5
1238	1002	24	2	73.5
1239	1002	24	2	74.8
1240	1002	24	2	86.6
1241	1002	24	2	84.9
1242	1002	24	2	94.9
1243	1002	24	2	78.1
1244	1002	24	2	81.2
1245	1002	24	2	91.1
1246	1002	24	2	78.7
1247	1002	24	2	76.2
1248	1002	24	2	66.3
1249	1002	24	2	91.7
1250	1022	55	16	86.0
1251	1022	55	16	100.0
1252	1022	55	16	89.4
1253	1022	55	16	78.7
1254	1022	55	16	86.6
1255	1024	161	17	81.2
1256	1024	161	17	107.7
1257	1024	161	17	86.6
1258	1024	161	17	88.3
1259	1024	161	17	85.4
1260	1025	60	18	76.8
1261	1025	60	18	75.5
1262	1025	60	18	94.9
1263	1025	60	18	72.1
1264	1025	60	18	88.9
1265	1025	60	18	81.9
1266	1025	60	18	88.3
1267	1025	60	18	72.1
1268	1025	60	18	74.8
1269	1026	23	19	76.8
1270	1026	23	19	107.2
1271	1026	23	19	84.9
1272	1026	23	19	73.5
1273	1026	23	19	88.3
1274	1026	23	19	83.1
1275	1026	23	19	90.6
1276	1026	23	19	94.9
1277	1026	23	19	63.2
1278	1028	129	20	82.5
1279	1028	129	20	91.7
1280	1028	129	20	86.6
1281	1028	129	20	111.4
1282	1028	129	20	78.7
1283	1028	129	20	101.0
1284	1028	129	20	99.0
1285	1028	129	20	80.6
1286	1028	129	20	103.9
1287	1028	129	20	75.5
1288	1028	129	20	94.3
1289	1028	129	20	87.7
1290	1028	129	20	83.1
1291	1028	129	20	97.5
1292	1028	129	20	99.0
1293	1028	129	20	78.7
1294	1028	129	20	77.5
1295	1028	129	20	86.6
1296	1003	3	3	96.4
1297	1003	3	3	76.8
1298	1003	3	3	90.6
1299	1003	3	3	74.8
1300	1003	3	3	92.2
1301	1003	3	3	90.6
1302	1003	3	3	70.0
1303	1003	3	3	86.6
1304	1003	3	3	79.4
1305	1003	3	3	83.7
1306	1003	3	3	94.9
1307	1003	3	3	86.0
1308	1003	3	3	92.2
1309	1003	3	3	79.4
1310	1003	3	3	86.0
1311	1003	3	3	86.6
1312	1003	3	3	76.8
1313	1003	3	3	71.4
1314	1003	3	3	84.9
1315	1003	3	3	93.8
1316	1003	3	3	81.2
1317	1003	3	3	84.9
1318	1003	3	3	84.9
1319	1003	3	3	100.0
1320	1003	3	3	86.0
1321	1003	3	3	82.5
1322	1003	3	3	84.9
1323	1003	3	3	89.4
1324	1003	3	3	91.7
1325	1003	3	3	88.3
1326	1003	3	3	65.6
1327	1003	3	3	78.7
1328	1003	3	3	64.8
1329	1003	3	3	67.1
1330	1003	3	3	88.3
1331	1003	3	3	93.8
1332	1003	3	3	98.5
1333	1003	3	3	78.1
1334	1003	3	3	60.8
1335	1031	56	21	81.2
1336	1031	56	21	84.3
1337	1031	56	21	90.6
1338	1031	56	21	100.0
1339	1031	56	21	94.9
1340	1031	56	21	105.8
1341	1031	56	21	87.7
1342	1031	56	21	91.7
1343	1031	56	21	94.3
1344	1031	56	21	90.0
1345	1031	56	21	90.0
1346	1031	56	21	70.7
1347	1031	56	21	80.0
1348	1031	56	21	95.4
1349	1031	56	21	74.2
1350	1031	56	21	79.4
1351	1031	56	21	106.3
1352	1031	56	21	88.3
1353	1031	56	21	94.9
1354	1031	56	21	92.2
1355	1031	56	21	83.1
1356	1031	56	21	70.7
1357	1031	56	21	95.4
1358	1031	56	21	90.6
1359	1031	56	21	87.2
1360	1031	56	21	91.7
1361	1031	56	21	85.4
1362	1031	56	21	72.1
1363	1031	56	21	78.7
1364	1004	21	4	78.1
1365	1004	21	4	93.8
1366	1004	21	4	95.4
1367	1004	21	4	93.8
1368	1004	21	4	81.9
1369	1004	21	4	89.4
1370	1004	21	4	73.5
1371	1004	21	4	72.8
1372	1004	21	4	76.2
1373	1004	21	4	74.2
1374	1004	21	4	84.3
1375	1004	21	4	73.5
1376	1004	21	4	79.4
1377	1004	21	4	77.5
1378	1004	21	4	74.8
1379	1004	21	4	90.0
1380	1004	21	4	84.9
1381	1004	21	4	75.5
1382	1004	21	4	102.0
1383	1004	21	4	74.2
1384	1004	21	4	90.6
1385	1004	21	4	84.9
1386	1004	21	4	72.1
1387	1004	21	4	90.6
1388	1004	21	4	77.5
1389	1004	21	4	79.4
1390	1004	21	4	97.5
1391	1004	21	4	72.1
1392	1004	21	4	83.7
1393	1004	21	4	72.8
1394	1004	21	4	80.6
1395	1004	21	4	75.5
1396	1004	21	4	80.6
1397	1005	2001	5	96.4
1398	1005	2001	5	74.8
1399	1005	2001	5	88.3
1400	1005	2001	5	91.7
1401	1005	2001	5	110.9
1402	1005	2001	5	73.5
1403	1005	2001	5	88.3
1404	1005	2001	5	80.0
1405	1005	2001	5	77.5
1406	1005	2001	5	103.0
1407	1005	2001	5	77.5
1408	1005	2001	5	72.1
1409	1006	11	6	79.4
1410	1006	11	6	90.0
1411	1006	11	6	108.2
1412	1006	11	6	96.4
1413	1006	11	6	101.0
1414	1007	9	7	94.3
1415	1007	9	7	84.3
1416	1007	9	7	72.1
1417	1007	9	7	74.2
1418	1007	9	7	89.4
1419	1007	9	7	87.2
1420	1007	9	7	74.8
1421	1007	9	7	76.8
1422	1007	9	7	72.1
1423	1007	9	7	94.3
1424	1007	9	7	90.6
1425	1007	9	7	76.8
1426	1007	9	7	76.8
1427	1007	9	7	82.5
1428	1008	15	8	101.0
1429	1008	15	8	81.9
1430	1008	15	8	77.5
1431	1008	15	8	87.2
1432	1008	15	8	83.7
1433	1008	15	8	73.5
1434	1008	15	8	71.4
1435	1008	15	8	74.8
1436	1008	15	8	77.5
1437	1008	15	8	86.0
1438	1008	15	8	90.0
1439	1008	15	8	86.0
1440	1008	15	8	70.7
1441	1008	15	8	91.7
1442	1008	15	8	98.5
1443	1008	15	8	90.0
1444	1008	15	8	97.5
1445	1008	15	8	61.6
1446	1008	15	8	80.0
1447	1008	15	8	86.0
1448	1008	15	8	84.9
1449	1008	15	8	61.6
1450	1008	15	8	72.1
1451	1008	15	8	86.0
1452	1008	15	8	93.8
1453	1009	13	9	81.9
1454	1009	13	9	86.6
1455	1009	13	9	96.4
1456	1009	13	9	78.7
1457	1009	13	9	87.7
1458	1009	13	9	79.4
1459	1009	13	9	82.5