IDD	Indiv	Female	Rep	HT1	HT2	HT3	HT4
1	1	F09	1	62.0	108.0	240.0	411.5
2	2	F02	1	66.0	154.0	275.0	442.0
3	3	F21	1	65.0	116.0	245.0	323.1
4	4	F25	1	68.0	102.0	225.0	350.5
5	5	F13	1	58.0	170.0	325.0	457.2
6	6	F14	1	117.0	265.0	445.0	588.3
7	7	F14	1	*	*	*	*
8	8	F15	1	75.0	162.0	315.0	484.6
9	9	F18	1	74.0	182.0	340.0	493.8
10	10	F03	1	100.0	230.0	350.0	518.2
11	11	F07	1	72.0	148.0	310.0	313.9
12	12	F14	1	69.0	164.0	310.0	469.4
13	13	F11	1	87.0	208.0	340.0	493.8
14	14	F24	1	50.0	148.0	290.0	454.2
15	15	F02	1	66.0	173.0	350.0	521.2
16	16	F21	1	75.0	164.0	305.0	469.4
17	17	F15	1	78.0	166.0	315.0	493.8
18	18	F21	1	60.0	176.0	320.0	463.3
19	19	F03	1	75.0	206.0	410.0	591.3
20	20	F16	1	61.0	154.0	325.0	487.7
21	21	F14	1	80.0	192.0	325.0	445.0
22	22	F12	1	50.0	142.0	305.0	457.2
23	23	F16	1	98.0	194.0	360.0	582.2
24	24	F21	1	68.0	182.0	340.0	493.8
25	25	F16	1	53.0	170.0	380.0	548.6
26	26	F07	1	64.0	122.0	215.0	313.9
27	27	F22	1	58.0	127.0	360.0	323.1
28	28	F16	1	90.0	196.0	385.0	600.5
29	29	F01	1	85.0	136.0	250.0	396.2
30	30	F16	1	57.0	162.0	350.0	548.6
31	31	F24	1	82.0	158.0	305.0	493.8
32	32	F21	1	62.0	104.0	220.0	344.4
33	33	F01	1	82.0	188.0	350.0	512.1
34	34	F25	1	94.0	232.0	410.0	557.8
35	35	F03	1	130.0	220.0	385.0	545.6
36	36	F13	1	70.0	154.0	320.0	472.4
37	37	F25	1	102.0	198.0	410.0	591.3
38	38	F03	1	90.0	174.0	370.0	570.0
39	39	F25	1	74.0	202.0	425.0	627.9
40	40	F14	1	70.0	156.0	380.0	463.3
41	41	F21	1	84.0	196.0	320.0	521.2
42	42	F05	1	80.0	198.0	270.0	521.2
43	43	F09	1	56.0	120.0	335.0	454.2
44	44	F22	1	71.0	166.0	300.0	515.1
45	45	F22	1	80.0	178.0	380.0	463.3
46	46	F09	1	80.0	194.0	220.0	499.9
47	47	F11	1	78.0	172.0	330.0	573.0
48	48	F11	1	85.0	198.0	370.0	606.6
49	49	F24	1	135.0	274.0	480.0	731.5
50	50	F21	1	*	*	*	*
51	51	F16	1	90.0	198.0	345.0	551.7
52	52	F15	1	87.0	194.0	350.0	576.1
53	53	F25	1	91.0	208.0	400.0	536.4
54	54	F16	1	114.0	294.0	530.0	685.8
55	55	F14	1	85.0	242.0	470.0	518.2
56	56	F09	1	62.0	140.0	310.0	493.8
57	57	F25	1	112.0	228.0	415.0	563.9
58	58	F25	1	96.0	204.0	400.0	551.7
59	59	F14	1	101.0	222.0	370.0	438.9
60	60	F03	1	89.0	198.0	410.0	591.3
61	61	F03	1	82.0	184.0	340.0	527.3
62	62	F24	1	88.0	186.0	335.0	560.8
63	63	F05	1	60.0	174.0	340.0	521.2
64	64	F16	1	113.0	180.0	320.0	438.9
65	65	F01	1	77.0	178.0	310.0	524.3
66	66	F23	1	100.0	190.0	360.0	542.5
67	67	F21	1	63.0	150.0	240.0	298.7
68	68	F25	1	84.0	186.0	350.0	521.2
69	69	F01	1	117.0	180.0	340.0	496.8
70	70	F13	1	127.0	214.0	370.0	542.5
71	71	F24	1	94.0	180.0	400.0	576.1
72	72	F16	1	48.0	114.0	275.0	429.8
73	73	F02	1	108.0	176.0	345.0	512.1
74	74	F19	1	74.0	144.0	290.0	487.7
75	75	F10	1	90.0	182.0	335.0	512.1
76	76	F21	1	56.0	160.0	280.0	512.1
77	77	F10	1	98.0	236.0	390.0	630.9
78	78	F21	1	87.0	238.0	425.0	643.1
79	79	F15	1	80.0	144.0	265.0	402.3
80	80	F23	1	70.0	168.0	360.0	530.4
81	81	F12	1	104.0	226.0	380.0	570.0
82	82	F05	1	76.0	158.0	295.0	472.4
83	83	F01	1	115.0	284.0	440.0	649.2
84	84	F03	1	96.0	214.0	385.0	585.2
85	85	F16	1	82.0	206.0	380.0	582.2
86	86	F03	1	*	*	*	*
87	87	F02	1	118.0	232.0	395.0	545.6
88	88	F21	1	80.0	194.0	370.0	527.3
89	89	F25	1	81.0	194.0	360.0	515.1
90	90	F03	1	90.0	158.0	290.0	426.7
91	91	F22	1	50.0	98.0	180.0	274.3
92	92	F18	1	85.0	132.0	250.0	387.1
93	93	F10	1	80.0	212.0	390.0	612.6
94	94	F07	1	69.0	150.0	310.0	463.3
95	95	F01	1	78.0	194.0	360.0	582.2
96	96	F09	1	71.0	194.0	380.0	570.0
97	97	F07	1	98.0	198.0	390.0	527.3
98	98	F02	1	111.0	269.0	450.0	609.6
99	99	F14	1	100.0	198.0	345.0	506.0
100	100	F11	1	57.0	168.0	340.0	524.3
101	101	F01	1	80.0	192.0	350.0	524.3
102	102	F02	1	113.0	278.0	470.0	661.4
103	103	F25	1	74.0	194.0	390.0	612.6
104	104	F09	1	83.0	190.0	310.0	384.0
105	105	F05	1	55.0	122.0	275.0	405.4
106	106	F23	1	66.0	108.0	250.0	371.9
107	107	F03	1	80.0	108.0	210.0	344.4
108	108	F03	1	78.0	172.0	260.0	338.3
109	109	F04	1	77.0	164.0	300.0	451.1
110	110	F15	1	94.0	132.0	185.0	*
111	111	F04	1	100.0	218.0	385.0	588.3
112	112	F05	1	88.0	230.0	410.0	591.3
113	113	F16	1	84.0	208.0	405.0	582.2
114	114	F03	1	96.0	196.0	380.0	566.9
115	115	F19	1	81.0	196.0	370.0	521.2
116	116	F09	1	54.0	140.0	280.0	502.9
117	117	F26	1	33.0	56.0	*	*
118	118	F15	1	84.0	164.0	280.0	454.2
119	119	F05	1	107.0	216.0	380.0	591.3
120	120	F23	1	98.0	241.0	400.0	615.7
121	121	F09	1	96.0	208.0	370.0	594.4
122	122	F16	1	83.0	204.0	395.0	603.5
123	123	F16	1	97.0	200.0	350.0	512.1
124	124	F15	1	70.0	170.0	310.0	454.2
125	125	F24	1	97.0	186.0	355.0	548.6
126	126	F02	1	72.0	182.0	360.0	524.3
127	127	F08	1	72.0	140.0	260.0	463.3
128	128	F19	1	42.0	128.0	285.0	454.2
129	129	F03	1	77.0	122.0	245.0	399.3
130	130	F02	1	64.0	188.0	320.0	542.5
131	131	F12	1	*	230.0	420.0	624.8
132	132	F19	1	70.0	226.0	330.0	518.2
133	133	F09	1	45.0	210.0	340.0	615.7
134	134	F15	1	72.0	238.0	380.0	624.8
135	135	F05	1	96.0	218.0	425.0	548.6
136	136	F13	1	47.0	212.0	410.0	566.9
137	137	F04	1	72.0	210.0	400.0	594.4
138	138	F18	1	122.0	242.0	370.0	469.4
139	139	F19	1	88.0	244.0	475.0	649.2
140	140	F15	1	106.0	262.0	365.0	457.2
141	141	F19	1	98.0	200.0	365.0	579.1
142	142	F19	1	128.0	247.0	415.0	566.9
143	143	F24	1	80.0	162.0	320.0	496.8
144	144	F08	1	78.0	146.0	265.0	435.9
145	145	F12	1	44.0	124.0	310.0	472.4
146	146	F06	1	50.0	120.0	250.0	405.4
147	147	F08	1	*	*	*	*
148	148	F08	1	58.0	98.0	195.0	320.0
149	149	F04	1	70.0	128.0	250.0	417.6
150	150	F17	1	57.0	106.0	215.0	417.6
151	151	F26	1	96.0	216.0	360.0	573.0
152	152	F06	1	100.0	202.0	350.0	576.1
153	153	F12	1	125.0	254.0	465.0	652.3
154	154	F08	1	91.0	204.0	400.0	579.1
155	155	F01	1	109.0	228.0	360.0	536.4
156	156	F09	1	66.0	140.0	290.0	536.4
157	157	F19	1	67.0	154.0	320.0	499.9
158	158	F15	1	134.0	245.0	430.0	591.3
159	159	F12	1	120.0	252.0	440.0	594.4
160	160	F05	1	94.0	231.0	380.0	606.6
161	161	F20	1	57.0	128.0	270.0	435.9
162	162	F16	1	97.0	208.0	340.0	509.0
163	163	F02	1	89.0	190.0	365.0	588.3
164	164	F06	1	107.0	230.0	425.0	591.3
165	165	F26	1	86.0	184.0	360.0	554.7
166	166	F15	1	35.0	82.0	165.0	301.8
167	167	F04	1	68.0	122.0	290.0	469.4
168	168	F17	1	70.0	136.0	260.0	374.9
169	169	F17	1	88.0	166.0	350.0	533.4
170	170	F24	1	80.0	106.0	290.0	472.4
171	171	F17	1	60.0	124.0	320.0	527.3
172	172	F19	1	100.0	208.0	370.0	542.5
173	173	F15	1	96.0	192.0	220.0	*
174	174	F05	1	*	*	*	*
175	175	F15	1	104.0	226.0	380.0	609.6
176	176	F06	1	78.0	161.0	320.0	460.2
177	177	F05	1	114.0	242.0	380.0	566.9
178	178	F06	1	76.0	214.0	410.0	612.6
179	179	F03	1	100.0	218.0	390.0	533.4
180	180	F15	1	102.0	242.0	390.0	554.7
181	181	F15	1	122.0	236.0	410.0	548.6
182	182	F04	1	78.0	168.0	360.0	512.1
183	183	F12	1	73.0	130.0	235.0	137.2
184	184	F15	1	66.0	160.0	295.0	429.8
185	185	F06	1	58.0	132.0	320.0	417.6
186	186	F04	1	*	*	*	*
187	187	F23	1	77.0	176.0	280.0	423.7
188	188	F19	1	113.0	234.0	380.0	576.1
189	189	F15	1	125.0	218.0	230.0	362.7
190	190	F20	1	104.0	228.0	390.0	585.2
191	191	F04	1	81.0	198.0	390.0	588.3
192	192	F19	1	91.0	230.0	420.0	594.4
193	193	F12	1	103.0	204.0	440.0	640.1
194	194	F06	1	86.0	247.0	455.0	688.8
195	195	F03	1	84.0	166.0	330.0	490.7
196	196	F12	1	103.0	224.0	405.0	634.0
197	197	F19	1	76.0	192.0	365.0	548.6
198	198	F20	1	63.0	168.0	325.0	539.5
199	199	F15	1	100.0	242.0	375.0	606.6
200	200	F06	1	86.0	190.0	325.0	536.4
201	201	F08	1	90.0	202.0	370.0	539.5
202	202	F06	1	102.0	208.0	400.0	618.7
203	203	F26	1	50.0	218.0	385.0	557.8
204	204	F10	1	93.0	192.0	340.0	493.8
205	205	F08	1	123.0	234.0	420.0	585.2
206	206	F09	1	77.0	148.0	265.0	414.5
207	207	F15	2	70.0	186.0	305.0	466.3
208	208	F05	2	100.0	166.0	340.0	509.0
209	209	F08	2	78.0	194.0	360.0	545.6
210	210	F15	2	102.0	222.0	400.0	563.9
211	211	F16	2	65.0	198.0	400.0	570.0
212	212	F05	2	58.0	112.0	285.0	445.0
213	213	F13	2	85.0	218.0	390.0	566.9
214	214	F15	2	108.0	220.0	340.0	536.4
215	215	F03	2	110.0	218.0	410.0	600.5
216	216	F06	2	121.0	244.0	435.0	591.3
217	217	F04	2	108.0	266.0	480.0	646.2
218	218	F12	2	90.0	200.0	355.0	560.8
219	219	F26	2	129.0	242.0	435.0	649.2
220	220	F26	2	80.0	256.0	470.0	694.9
221	221	F24	2	104.0	293.0	500.0	704.1
222	222	F08	2	114.0	220.0	340.0	496.8
223	223	F12	2	98.0	218.0	410.0	621.8
224	224	F06	2	111.0	232.0	415.0	640.1
225	225	F15	2	123.0	238.0	400.0	570.0
226	226	F19	2	106.0	206.0	350.0	524.3
227	227	F19	2	69.0	96.0	*	*
228	228	F12	2	105.0	260.0	445.0	618.7
229	229	F03	2	102.0	172.0	330.0	548.6
230	230	F06	2	136.0	266.0	430.0	691.9
231	231	F19	2	105.0	224.0	390.0	429.8
232	232	F01	2	95.0	218.0	400.0	594.4
233	233	F26	2	76.0	232.0	265.0	472.4
234	234	F15	2	60.0	176.0	280.0	396.2
235	235	F05	2	77.0	206.0	370.0	576.1
236	236	F03	2	124.0	277.0	510.0	691.9
237	237	F12	2	117.0	202.0	400.0	621.8
238	238	F09	2	106.0	202.0	410.0	594.4
239	239	F04	2	97.0	218.0	400.0	566.9
240	240	F04	2	64.0	216.0	340.0	557.8
241	241	F08	2	88.0	178.0	340.0	487.7
242	242	F15	2	70.0	188.0	360.0	539.5
243	243	F04	2	99.0	224.0	390.0	576.1
244	244	F06	2	117.0	226.0	380.0	582.2
245	245	F08	2	70.0	146.0	350.0	576.1
246	246	F23	2	113.0	245.0	490.0	676.7
247	247	F19	2	112.0	258.0	450.0	661.4
248	248	F02	2	134.0	252.0	440.0	624.8
249	249	F15	2	123.0	238.0	380.0	560.8
250	250	F19	2	81.0	180.0	360.0	499.9
251	251	F06	2	82.0	176.0	350.0	530.4
252	252	F20	2	98.0	204.0	380.0	530.4
253	253	F15	2	76.0	160.0	190.0	*
254	254	F09	2	90.0	238.0	410.0	603.5
255	255	F19	2	91.0	220.0	410.0	618.7
256	256	F08	2	115.0	241.0	430.0	615.7
257	257	F12	2	80.0	190.0	350.0	539.5
258	258	F24	2	109.0	236.0	420.0	600.5
259	259	F19	2	80.0	190.0	400.0	545.6
260	260	F03	2	109.0	212.0	350.0	490.7
261	261	F15	2	*	*	*	*
262	262	F16	2	103.0	190.0	380.0	621.8
263	263	F05	2	84.0	234.0	480.0	685.8
264	264	F19	2	100.0	252.0	440.0	588.3
265	265	F04	2	120.0	264.0	425.0	643.1
266	266	F20	2	115.0	232.0	440.0	670.6
267	267	F08	2	98.0	194.0	320.0	499.9
268	268	F09	2	92.0	200.0	420.0	624.8
269	269	F15	2	133.0	222.0	380.0	609.6
270	270	F04	2	52.0	138.0	260.0	390.1
271	271	F10	2	86.0	200.0	400.0	518.2
272	272	F23	2	78.0	188.0	380.0	515.1
273	273	F09	2	100.0	190.0	360.0	551.7
274	274	F15	2	109.0	206.0	240.0	274.3
275	275	F15	2	84.0	240.0	410.0	496.8
276	276	F04	2	112.0	274.0	480.0	716.3
277	277	F06	2	81.0	192.0	220.0	390.1
278	278	F20	2	98.0	194.0	365.0	509.0
279	279	F09	2	80.0	200.0	380.0	530.4
280	280	F17	2	86.0	242.0	490.0	664.5
281	281	F26	2	122.0	253.0	480.0	658.4
282	282	F06	2	62.0	160.0	270.0	356.6
283	283	F19	2	103.0	220.0	375.0	579.1
284	284	F19	2	83.0	176.0	320.0	527.3
285	285	F04	2	80.0	178.0	400.0	582.2
286	286	F15	2	116.0	222.0	425.0	597.4
287	287	F24	2	134.0	248.0	355.0	606.6
288	288	F16	2	98.0	180.0	350.0	542.5
289	289	F05	2	50.0	104.0	280.0	472.4
290	290	F16	2	71.0	190.0	350.0	570.0
291	291	F06	2	95.0	182.0	380.0	624.8
292	292	F19	2	73.0	178.0	325.0	448.1
293	293	F15	2	117.0	250.0	425.0	563.9
294	294	F18	2	126.0	280.0	450.0	634.0
295	295	F12	2	150.0	281.0	430.0	582.2
296	296	F02	2	89.0	210.0	440.0	588.3
297	297	F05	2	48.0	142.0	330.0	387.1
298	298	F03	2	79.0	224.0	430.0	594.4
299	299	F08	2	58.0	102.0	260.0	371.9
300	300	F17	2	79.0	170.0	365.0	579.1
301	301	F02	2	93.0	214.0	380.0	573.0
302	302	F17	2	57.0	164.0	320.0	487.7
303	303	F12	2	58.0	162.0	310.0	481.6
304	304	F17	2	73.0	184.0	350.0	533.4
305	305	F06	2	50.0	102.0	170.0	*
306	306	F14	2	52.0	190.0	270.0	463.3
307	307	F15	2	54.0	170.0	335.0	554.7
308	308	F16	2	70.0	181.0	370.0	533.4
309	309	F21	2	70.0	156.0	330.0	527.3
310	310	F01	2	122.0	234.0	430.0	612.6
311	311	F10	2	82.0	182.0	320.0	530.4
312	312	F03	2	96.0	232.0	410.0	640.1
313	313	F25	2	62.0	164.0	320.0	521.2
314	314	F25	2	74.0	174.0	335.0	609.6
315	315	F21	2	108.0	246.0	470.0	698.0
316	316	F11	2	82.0	216.0	330.0	451.1
317	317	F22	2	100.0	256.0	465.0	688.8
318	318	F15	2	109.0	222.0	390.0	560.8
319	319	F07	2	81.0	176.0	315.0	423.7
320	320	F03	2	82.0	162.0	315.0	445.0
321	321	F22	2	120.0	222.0	410.0	603.5
322	322	F09	2	70.0	146.0	310.0	445.0
323	323	F14	2	76.0	180.0	345.0	563.9
324	324	F11	2	103.0	226.0	410.0	609.6
325	325	F13	2	89.0	180.0	360.0	521.2
326	326	F09	2	64.0	160.0	400.0	536.4
327	327	F03	2	87.0	210.0	430.0	673.6
328	328	F01	2	80.0	231.0	410.0	652.3
329	329	F16	2	70.0	158.0	330.0	521.2
330	330	F16	2	50.0	146.0	280.0	448.1
331	331	F21	2	116.0	206.0	460.0	673.6
332	332	F01	2	94.0	224.0	440.0	652.3
333	333	F23	2	61.0	154.0	305.0	545.6
334	334	F16	2	51.0	176.0	350.0	527.3
335	335	F05	2	69.0	140.0	265.0	454.2
336	336	F09	2	79.0	120.0	305.0	487.7
337	337	F18	2	116.0	237.0	400.0	624.8
338	338	F21	2	99.0	180.0	260.0	460.2
339	339	F25	2	113.0	220.0	340.0	448.1
340	340	F02	2	111.0	276.0	490.0	685.8
341	341	F14	2	142.0	304.0	480.0	615.7
342	342	F03	2	100.0	226.0	390.0	566.9
343	343	F22	2	61.0	190.0	290.0	573.0
344	344	F03	2	96.0	216.0	390.0	606.6
345	345	F12	2	102.0	212.0	415.0	621.8
346	346	F24	2	82.0	246.0	400.0	637.0
347	347	F07	2	80.0	180.0	215.0	399.3
348	348	F10	2	*	*	*	*
349	349	F22	2	48.0	134.0	250.0	420.6
350	350	F09	2	94.0	214.0	390.0	646.2
351	351	F21	2	86.0	194.0	365.0	615.7
352	352	F14	2	114.0	232.0	380.0	627.9
353	353	F13	2	63.0	169.0	350.0	515.1
354	354	F05	2	68.0	178.0	285.0	478.5
355	355	F11	2	68.0	142.0	285.0	481.6
356	356	F19	2	109.0	228.0	430.0	615.7
357	357	F09	2	98.0	238.0	430.0	597.4
358	358	F25	2	60.0	174.0	330.0	536.4
359	359	F09	2	*	*	*	*
360	360	F01	2	116.0	262.0	470.0	652.3
361	361	F24	2	132.0	242.0	430.0	566.9
362	362	F02	2	57.0	*	*	*
363	363	F11	2	94.0	230.0	350.0	563.9
364	364	F21	2	83.0	194.0	400.0	612.6
365	365	F23	2	97.0	226.0	400.0	542.5
366	366	F03	2	102.0	208.0	400.0	551.7
367	367	F16	2	134.0	282.0	510.0	643.1
368	368	F05	2	80.0	184.0	400.0	591.3
369	369	F25	2	*	*	*	*
370	370	F16	2	96.0	192.0	380.0	509.0
371	371	F07	2	90.0	154.0	305.0	515.1
372	372	F02	2	123.0	290.0	480.0	670.6
373	373	F16	2	74.0	188.0	360.0	545.6
374	374	F24	2	123.0	264.0	470.0	701.0
375	375	F16	2	79.0	202.0	390.0	603.5
376	376	F16	2	76.0	186.0	330.0	515.1
377	377	F01	2	84.0	196.0	400.0	661.4
378	378	F13	2	88.0	206.0	360.0	533.4
379	379	F21	2	*	*	*	*
380	380	F03	2	112.0	212.0	360.0	533.4
381	381	F10	2	81.0	160.0	290.0	381.0
382	382	F25	2	91.0	176.0	365.0	560.8
383	383	F01	2	136.0	274.0	430.0	667.5
384	384	F25	2	134.0	216.0	340.0	533.4
385	385	F16	2	110.0	212.0	410.0	585.2
386	386	F14	2	131.0	208.0	360.0	512.1
387	387	F24	2	103.0	220.0	430.0	585.2
388	388	F21	2	76.0	165.0	330.0	515.1
389	389	F15	2	85.0	138.0	305.0	451.1
390	390	F25	2	86.0	192.0	380.0	551.7
391	391	F23	2	100.0	198.0	410.0	576.1
392	392	F21	2	90.0	216.0	390.0	560.8
393	393	F25	2	130.0	268.0	440.0	573.0
394	394	F25	2	98.0	206.0	370.0	515.1
395	395	F02	2	122.0	262.0	410.0	621.8
396	396	F16	2	70.0	148.0	275.0	429.8
397	397	F01	2	77.0	196.0	360.0	551.7
398	398	F15	2	95.0	220.0	405.0	597.4
399	399	F21	2	114.0	236.0	450.0	615.7
400	400	F02	2	110.0	225.0	430.0	624.8
401	401	F03	2	125.0	220.0	410.0	545.6
402	402	F05	2	92.0	232.0	435.0	591.3
403	403	F03	2	128.0	234.0	350.0	*
404	404	F03	2	70.0	184.0	340.0	512.1
405	405	F24	2	121.0	238.0	400.0	560.8
406	406	F14	2	110.0	220.0	360.0	539.5
407	407	F07	2	79.0	212.0	310.0	411.5
408	408	F14	2	89.0	172.0	320.0	390.1
409	409	F14	2	36.0	56.0	85.0	173.7
410	410	F02	2	106.0	230.0	370.0	579.1
411	411	F18	2	152.0	274.0	420.0	643.1
412	412	F21	2	115.0	224.0	360.0	527.3
413	413	F01	3	86.0	206.0	320.0	481.6
414	414	F22	3	85.0	184.0	350.0	490.7
415	415	F10	3	104.0	194.0	390.0	603.5
416	416	F16	3	99.0	192.0	350.0	560.8
417	417	F02	3	86.0	182.0	315.0	463.3
418	418	F07	3	110.0	204.0	340.0	509.0
419	419	F05	3	70.0	162.0	260.0	381.0
420	420	F15	3	54.0	135.0	270.0	396.2
421	421	F25	3	78.0	161.0	280.0	490.7
422	422	F21	3	98.0	182.0	350.0	527.3
423	423	F05	3	95.0	180.0	370.0	509.0
424	424	F09	3	89.0	197.0	330.0	448.1
425	425	F24	3	92.0	256.0	470.0	649.2
426	426	F10	3	104.0	230.0	390.0	594.4
427	427	F21	3	90.0	220.0	440.0	582.2
428	428	F14	3	88.0	203.0	315.0	490.7
429	429	F03	3	100.0	216.0	380.0	515.1
430	430	F15	3	88.0	200.0	380.0	469.4
431	431	F03	3	98.0	208.0	380.0	515.1
432	432	F25	3	*	*	*	*
433	433	F12	3	58.0	180.0	385.0	597.4
434	434	F08	3	99.0	171.0	265.0	374.9
435	435	F21	3	90.0	190.0	305.0	478.5
436	436	F12	3	104.0	276.0	510.0	664.5
437	437	F20	3	80.0	181.0	370.0	570.0
438	438	F24	3	68.0	172.0	320.0	506.0
439	439	F19	3	109.0	200.0	360.0	484.6
440	440	F02	3	86.0	196.0	350.0	533.4
441	441	F12	3	64.0	124.0	230.0	405.4
442	442	F14	3	72.0	130.0	*	*
443	443	F12	3	92.0	196.0	350.0	527.3
444	444	F18	3	104.0	248.0	380.0	579.1
445	445	F01	3	88.0	198.0	360.0	536.4
446	446	F02	3	88.0	193.0	420.0	621.8
447	447	F14	3	64.0	142.0	230.0	384.0
448	448	F08	3	89.0	208.0	370.0	588.3
449	449	F25	3	116.0	206.0	375.0	530.4
450	450	F20	3	90.0	212.0	390.0	585.2
451	451	F15	3	134.0	223.0	370.0	445.0
452	452	F23	3	62.0	180.0	325.0	487.7
453	453	F25	3	104.0	208.0	365.0	554.7
454	454	F12	3	80.0	221.0	350.0	576.1
455	455	F16	3	89.0	222.0	395.0	624.8
456	456	F16	3	92.0	194.0	400.0	579.1
457	457	F03	3	110.0	186.0	360.0	512.1
458	458	F10	3	100.0	212.0	375.0	557.8
459	459	F22	3	110.0	182.0	330.0	487.7
460	460	F01	3	120.0	200.0	330.0	493.8
461	461	F16	3	81.0	190.0	350.0	506.0
462	462	F20	3	120.0	228.0	360.0	557.8
463	463	F15	3	104.0	208.0	370.0	576.1
464	464	F21	3	90.0	244.0	435.0	661.4
465	465	F10	3	60.0	174.0	350.0	563.9
466	466	F13	3	74.0	178.0	345.0	499.9
467	467	F02	3	78.0	214.0	395.0	591.3
468	468	F16	3	75.0	191.0	370.0	551.7
469	469	F13	3	49.0	134.0	260.0	429.8
470	470	F23	3	70.0	165.0	305.0	466.3
471	471	F21	3	78.0	172.0	320.0	518.2
472	472	F21	3	80.0	198.0	360.0	570.0
473	473	F25	3	104.0	220.0	420.0	591.3
474	474	F08	3	69.0	177.0	310.0	469.4
475	475	F25	3	89.0	162.0	305.0	329.2
476	476	F14	3	129.0	300.0	500.0	713.2
477	477	F21	3	82.0	198.0	380.0	524.3
478	478	F05	3	84.0	218.0	355.0	542.5
479	479	F09	3	118.0	226.0	375.0	603.5
480	480	F24	3	128.0	228.0	380.0	588.3
481	481	F06	3	*	*	*	*
482	482	F24	3	88.0	216.0	360.0	521.2
483	483	F08	3	110.0	212.0	440.0	566.9
484	484	F01	3	62.0	140.0	225.0	*
485	485	F12	3	50.0	137.0	290.0	378.0
486	486	F24	3	95.0	188.0	345.0	521.2
487	487	F21	3	79.0	172.0	345.0	533.4
488	488	F01	3	70.0	164.0	270.0	320.0
489	489	F03	3	108.0	192.0	300.0	445.0
490	490	F16	3	68.0	217.0	400.0	570.0
491	491	F24	3	112.0	240.0	390.0	573.0
492	492	F07	3	85.0	158.0	335.0	472.4
493	493	F12	3	85.0	230.0	400.0	588.3
494	494	F24	3	90.0	202.0	380.0	582.2
495	495	F02	3	115.0	226.0	400.0	594.4
496	496	F25	3	71.0	170.0	330.0	515.1
497	497	F07	3	68.0	140.0	240.0	393.2
498	498	F18	3	89.0	178.0	320.0	487.7
499	499	F22	3	106.0	206.0	370.0	563.9
500	500	F21	3	60.0	190.0	155.0	*
501	501	F12	3	103.0	140.0	140.0	*
502	502	F05	3	90.0	226.0	370.0	539.5
503	503	F22	3	104.0	190.0	340.0	509.0
504	504	F01	3	80.0	192.0	335.0	518.2
505	505	F24	3	109.0	221.0	365.0	588.3
506	506	F13	3	67.0	156.0	315.0	432.8
507	507	F25	3	84.0	197.0	340.0	518.2
508	508	F15	3	98.0	210.0	380.0	545.6
509	509	F13	3	85.0	204.0	340.0	527.3
510	510	F15	3	122.0	232.0	375.0	545.6
511	511	F07	3	90.0	180.0	330.0	509.0
512	512	F16	3	82.0	178.0	280.0	423.7
513	513	F02	3	94.0	216.0	390.0	551.7
514	514	F01	3	85.0	210.0	345.0	539.5
515	515	F21	3	89.0	180.0	330.0	509.0
516	516	F21	3	80.0	182.0	295.0	487.7
517	517	F14	3	96.0	228.0	400.0	573.0
518	518	F16	3	60.0	142.0	195.0	216.4
519	519	F15	3	126.0	221.0	350.0	475.5
520	520	F19	3	125.0	254.0	390.0	536.4
521	521	F09	3	74.0	154.0	300.0	451.1
522	522	F03	3	53.0	178.0	360.0	554.7
523	523	F15	3	98.0	238.0	410.0	588.3
524	524	F03	3	92.0	212.0	415.0	573.0
525	525	F15	3	74.0	158.0	270.0	378.0
526	526	F06	3	110.0	230.0	390.0	597.4
527	527	F15	3	100.0	202.0	*	*
528	528	F19	3	80.0	144.0	250.0	429.8
529	529	F03	3	88.0	192.0	320.0	463.3
530	530	F14	3	110.0	220.0	380.0	533.4
531	531	F09	3	100.0	214.0	410.0	560.8
532	532	F15	3	78.0	210.0	365.0	521.2
533	533	F04	3	80.0	164.0	320.0	475.5
534	534	F09	3	103.0	208.0	360.0	496.8
535	535	F02	3	88.0	176.0	340.0	463.3
536	536	F19	3	92.0	200.0	350.0	554.7
537	537	F15	3	124.0	223.0	380.0	533.4
538	538	F08	3	110.0	255.0	430.0	588.3
539	539	F05	3	92.0	180.0	275.0	362.7
540	540	F03	3	64.0	170.0	300.0	442.0
541	541	F15	3	93.0	196.0	320.0	429.8
542	542	F06	3	105.0	188.0	340.0	496.8
543	543	F16	3	98.0	226.0	400.0	585.2
544	544	F17	3	88.0	180.0	390.0	594.4
545	545	F02	3	41.0	152.0	280.0	396.2
546	546	F14	3	108.0	210.0	360.0	490.7
547	547	F09	3	94.0	200.0	345.0	490.7
548	548	F09	3	103.0	182.0	305.0	423.7
549	549	F15	3	82.0	160.0	*	*
550	550	F26	3	80.0	194.0	360.0	518.2
551	551	F16	3	90.0	182.0	335.0	478.5
552	552	F17	3	109.0	202.0	345.0	496.8
553	553	F17	3	63.0	164.0	310.0	484.6
554	554	F03	3	102.0	150.0	280.0	414.5
555	555	F15	3	110.0	206.0	380.0	573.0
556	556	F09	3	80.0	178.0	320.0	506.0
557	557	F06	3	80.0	178.0	310.0	460.2
558	558	F19	3	59.0	124.0	250.0	350.5
559	559	F11	3	80.0	169.0	280.0	390.1
560	560	F04	3	93.0	186.0	360.0	481.6
561	561	F23	3	125.0	224.0	390.0	527.3
562	562	F04	3	85.0	194.0	370.0	515.1
563	563	F05	3	115.0	190.0	350.0	536.4
564	564	F14	3	70.0	157.0	310.0	454.2
565	565	F15	3	90.0	190.0	280.0	387.1
566	566	F19	3	90.0	192.0	350.0	475.5
567	567	F08	3	131.0	242.0	370.0	502.9
568	568	F25	3	88.0	198.0	370.0	533.4
569	569	F03	3	117.0	216.0	350.0	518.2
570	570	F06	3	121.0	224.0	350.0	533.4
571	571	F15	3	112.0	212.0	360.0	509.0
572	572	F19	3	74.0	176.0	300.0	460.2
573	573	F03	3	150.0	244.0	385.0	566.9
574	574	F19	3	134.0	228.0	400.0	576.1
575	575	F05	3	66.0	184.0	300.0	387.1
576	576	F06	3	100.0	262.0	380.0	490.7
577	577	F16	3	129.0	219.0	340.0	442.0
578	578	F11	3	131.0	260.0	430.0	560.8
579	579	F04	3	116.0	200.0	345.0	533.4
580	580	F17	3	88.0	220.0	360.0	533.4
581	581	F05	3	59.0	210.0	350.0	509.0
582	582	F25	3	94.0	180.0	330.0	493.8
583	583	F04	3	108.0	223.0	420.0	585.2
584	584	F08	3	86.0	236.0	410.0	563.9
585	585	F26	3	64.0	158.0	290.0	442.0
586	586	F19	3	132.0	272.0	440.0	634.0
587	587	F09	3	103.0	224.0	400.0	627.9
588	588	F26	3	106.0	242.0	450.0	594.4
589	589	F19	3	91.0	172.0	*	*
590	590	F03	3	114.0	200.0	370.0	518.2
591	591	F18	3	97.0	206.0	370.0	594.4
592	592	F05	3	53.0	170.0	310.0	442.0
593	593	F03	3	117.0	263.0	370.0	554.7
594	594	F05	3	*	*	*	*
595	595	F16	3	119.0	210.0	*	*
596	596	F19	3	91.0	208.0	290.0	542.5
597	597	F02	3	117.0	281.0	410.0	627.9
598	598	F23	3	142.0	268.0	460.0	649.2
599	599	F16	3	100.0	202.0	355.0	481.6
600	600	F23	3	92.0	248.0	360.0	493.8
601	601	F09	3	96.0	198.0	380.0	530.4
602	602	F03	3	86.0	184.0	310.0	487.7
603	603	F16	3	84.0	190.0	350.0	518.2
604	604	F16	3	91.0	202.0	320.0	463.3
605	605	F06	3	70.0	174.0	310.0	454.2
606	606	F04	3	81.0	184.0	320.0	432.8
607	607	F06	3	95.0	232.0	380.0	576.1
608	608	F11	3	111.0	257.0	380.0	588.3
609	609	F01	3	108.0	236.0	420.0	640.1
610	610	F03	3	93.0	188.0	360.0	475.5
611	611	F11	3	110.0	265.0	410.0	545.6
612	612	F06	3	70.0	172.0	235.0	283.5
613	613	F09	3	98.0	196.0	345.0	493.8
614	614	F19	3	80.0	190.0	340.0	426.7
615	615	F04	3	69.0	160.0	330.0	478.5
616	616	F15	3	74.0	162.0	*	*
617	617	F26	3	83.0	198.0	385.0	594.4
618	618	F04	3	122.0	242.0	380.0	563.9
619	619	F09	4	115.0	214.0	400.0	515.1
620	620	F05	4	92.0	212.0	350.0	490.7
621	621	F06	4	91.0	180.0	320.0	472.4
622	622	F06	4	125.0	251.0	400.0	576.1
623	623	F19	4	64.0	156.0	330.0	472.4
624	624	F03	4	94.0	192.0	370.0	518.2
625	625	F05	4	78.0	196.0	320.0	466.3
626	626	F17	4	80.0	200.0	385.0	554.7
627	627	F04	4	90.0	162.0	300.0	466.3
628	628	F19	4	116.0	250.0	390.0	524.3
629	629	F08	4	80.0	194.0	310.0	484.6
630	630	F09	4	76.0	188.0	360.0	518.2
631	631	F09	4	55.0	156.0	230.0	292.6
632	632	F16	4	107.0	260.0	450.0	612.6
633	633	F01	4	131.0	270.0	430.0	627.9
634	634	F14	4	117.0	181.0	340.0	487.7
635	635	F09	4	100.0	184.0	370.0	542.5
636	636	F09	4	70.0	198.0	380.0	542.5
637	637	F04	4	98.0	196.0	340.0	493.8
638	638	F06	4	92.0	200.0	360.0	518.2
639	639	F26	4	92.0	210.0	360.0	521.2
640	640	F15	4	84.0	202.0	265.0	469.4
641	641	F15	4	117.0	235.0	330.0	438.9
642	642	F15	4	118.0	218.0	350.0	530.4
643	643	F16	4	94.0	182.0	280.0	408.4
644	644	F15	4	110.0	240.0	300.0	417.6
645	645	F11	4	114.0	210.0	370.0	551.7
646	646	F15	4	95.0	240.0	370.0	524.3
647	647	F06	4	116.0	234.0	365.0	566.9
648	648	F06	4	110.0	224.0	420.0	615.7
649	649	F11	4	88.0	202.0	370.0	573.0
650	650	F03	4	100.0	184.0	320.0	530.4
651	651	F16	4	95.0	210.0	380.0	557.8
652	652	F04	4	103.0	200.0	390.0	551.7
653	653	F15	4	112.0	244.0	415.0	570.0
654	654	F19	4	118.0	254.0	410.0	563.9
655	655	F03	4	96.0	249.0	420.0	566.9
656	656	F02	4	124.0	260.0	425.0	600.5
657	657	F17	4	79.0	192.0	380.0	554.7
658	658	F15	4	100.0	172.0	295.0	451.1
659	659	F04	4	92.0	238.0	380.0	560.8
660	660	F15	4	84.0	166.0	310.0	463.3
661	661	F19	4	83.0	200.0	*	*
662	662	F16	4	106.0	200.0	340.0	487.7
663	663	F19	4	96.0	138.0	220.0	353.6
664	664	F02	4	80.0	204.0	350.0	545.6
665	665	F05	4	92.0	208.0	360.0	515.1
666	666	F04	4	95.0	239.0	400.0	560.8
667	667	F26	4	100.0	216.0	385.0	530.4
668	668	F11	4	122.0	233.0	410.0	566.9
669	669	F15	4	84.0	224.0	365.0	484.6
670	670	F14	4	130.0	312.0	445.0	649.2
671	671	F19	4	89.0	232.0	420.0	551.7
672	672	F05	4	78.0	192.0	380.0	542.5
673	673	F08	4	106.0	236.0	375.0	594.4
674	674	F03	4	130.0	233.0	380.0	582.2
675	675	F15	4	92.0	208.0	300.0	502.9
676	676	F04	4	80.0	226.0	370.0	582.2
677	677	F15	4	81.0	166.0	230.0	344.4
678	678	F04	4	112.0	253.0	420.0	624.8
679	679	F12	4	50.0	236.0	400.0	576.1
680	680	F04	4	109.0	194.0	400.0	585.2
681	681	F03	4	60.0	178.0	350.0	542.5
682	682	F03	4	112.0	222.0	400.0	570.0
683	683	F03	4	120.0	250.0	400.0	618.7
684	684	F16	4	94.0	184.0	330.0	478.5
685	685	F25	4	64.0	168.0	300.0	399.3
686	686	F23	4	110.0	226.0	390.0	533.4
687	687	F09	4	88.0	182.0	350.0	472.4
688	688	F19	4	100.0	244.0	360.0	545.6
689	689	F18	4	110.0	171.0	340.0	512.1
690	690	F02	4	80.0	210.0	410.0	600.5
691	691	F05	4	60.0	168.0	250.0	*
692	692	F08	4	122.0	274.0	420.0	612.6
693	693	F19	4	103.0	234.0	400.0	603.5
694	694	F19	4	89.0	198.0	380.0	530.4
695	695	F06	4	80.0	202.0	400.0	545.6
696	696	F19	4	80.0	212.0	410.0	533.4
697	697	F09	4	112.0	232.0	140.0	179.8
698	698	F06	4	88.0	190.0	360.0	539.5
699	699	F23	4	104.0	252.0	390.0	539.5
700	700	F19	4	80.0	221.0	400.0	533.4
701	701	F23	4	99.0	245.0	385.0	582.2
702	702	F05	4	78.0	152.0	255.0	378.0
703	703	F25	4	76.0	172.0	290.0	405.4
704	704	F03	4	106.0	241.0	415.0	576.1
705	705	F03	4	110.0	212.0	370.0	512.1
706	706	F16	4	80.0	198.0	370.0	536.4
707	707	F15	4	*	*	*	*
708	708	F03	4	106.0	248.0	430.0	621.8
709	709	F17	4	85.0	210.0	400.0	560.8
710	710	F09	4	90.0	210.0	370.0	545.6
711	711	F26	4	103.0	206.0	400.0	576.1
712	712	F14	4	128.0	246.0	430.0	603.5
713	713	F03	4	84.0	196.0	340.0	490.7
714	714	F16	4	90.0	230.0	410.0	585.2
715	715	F14	4	124.0	234.0	360.0	460.2
716	716	F09	4	90.0	164.0	230.0	301.8
717	717	F17	4	113.0	194.0	370.0	515.1
718	718	F06	4	86.0	214.0	390.0	566.9
719	719	F11	4	118.0	274.0	435.0	618.7
720	720	F26	4	118.0	258.0	430.0	627.9
721	721	F05	4	70.0	170.0	330.0	512.1
722	722	F18	4	120.0	232.0	390.0	551.7
723	723	F01	4	82.0	168.0	320.0	472.4
724	724	F09	4	54.0	166.0	280.0	384.0
725	725	F05	4	78.0	190.0	325.0	432.8
726	726	F21	4	*	*	*	*
727	727	F14	4	86.0	234.0	*	*
728	728	F07	4	78.0	120.0	220.0	283.5
729	729	F12	4	108.0	220.0	390.0	539.5
730	730	F08	4	108.0	240.0	395.0	518.2
731	731	F24	4	140.0	292.0	360.0	688.8
732	732	F14	4	156.0	292.0	430.0	600.5
733	733	F23	4	72.0	178.0	290.0	384.0
734	734	F21	4	103.0	250.0	380.0	490.7
735	735	F08	4	90.0	188.0	295.0	335.3
736	736	F10	4	88.0	191.0	330.0	496.8
737	737	F13	4	79.0	174.0	290.0	420.6
738	738	F04	4	*	*	*	*
739	739	F01	4	114.0	234.0	380.0	588.3
740	740	F01	4	102.0	216.0	370.0	509.0
741	741	F05	4	60.0	194.0	345.0	484.6
742	742	F01	4	138.0	302.0	435.0	621.8
743	743	F03	4	126.0	238.0	380.0	551.7
744	744	F10	4	70.0	216.0	360.0	524.3
745	745	F09	4	110.0	234.0	390.0	557.8
746	746	F13	4	84.0	212.0	360.0	472.4
747	747	F03	4	99.0	192.0	330.0	472.4
748	748	F03	4	90.0	188.0	340.0	484.6
749	749	F12	4	138.0	322.0	425.0	560.8
750	750	F25	4	52.0	158.0	320.0	481.6
751	751	F16	4	102.0	228.0	360.0	530.4
752	752	F22	4	82.0	208.0	405.0	545.6
753	753	F18	4	112.0	274.0	425.0	585.2
754	754	F02	4	74.0	108.0	180.0	256.0
755	755	F21	4	90.0	202.0	350.0	420.6
756	756	F07	4	114.0	268.0	450.0	630.9
757	757	F05	4	80.0	239.0	390.0	588.3
758	758	F25	4	134.0	257.0	430.0	512.1
759	759	F21	4	98.0	216.0	330.0	463.3
760	760	F25	4	106.0	236.0	390.0	542.5
761	761	F14	4	98.0	208.0	380.0	554.7
762	762	F01	4	64.0	187.0	330.0	472.4
763	763	F01	4	120.0	278.0	460.0	637.0
764	764	F15	4	125.0	322.0	*	*
765	765	F08	4	92.0	222.0	210.0	292.6
766	766	F13	4	137.0	220.0	400.0	527.3
767	767	F15	4	90.0	242.0	360.0	563.9
768	768	F22	4	122.0	242.0	440.0	609.6
769	769	F24	4	139.0	248.0	420.0	618.7
770	770	F23	4	116.0	234.0	440.0	573.0
771	771	F24	4	132.0	242.0	405.0	521.2
772	772	F16	4	104.0	176.0	305.0	472.4
773	773	F21	4	100.0	240.0	430.0	585.2
774	774	F16	4	84.0	202.0	330.0	487.7
775	775	F25	4	109.0	178.0	320.0	432.8
776	776	F14	4	88.0	202.0	340.0	512.1
777	777	F20	4	62.0	140.0	285.0	399.3
778	778	F02	4	103.0	234.0	360.0	548.6
779	779	F24	4	156.0	251.0	430.0	664.5
780	780	F06	4	83.0	254.0	415.0	615.7
781	781	F21	4	128.0	246.0	345.0	524.3
782	782	F21	4	112.0	288.0	430.0	615.7
783	783	F25	4	126.0	251.0	440.0	570.0
784	784	F03	4	124.0	226.0	140.0	*
785	785	F15	4	142.0	310.0	485.0	673.6
786	786	F10	4	78.0	228.0	405.0	573.0
787	787	F12	4	100.0	236.0	410.0	579.1
788	788	F19	4	130.0	286.0	450.0	637.0
789	789	F16	4	84.0	216.0	370.0	539.5
790	790	F02	4	92.0	234.0	370.0	585.2
791	791	F01	4	145.0	256.0	380.0	530.4
792	792	F24	4	124.0	292.0	450.0	643.1
793	793	F02	4	124.0	259.0	425.0	585.2
794	794	F20	4	98.0	254.0	415.0	643.1
795	795	F12	4	132.0	234.0	420.0	603.5
796	796	F08	4	*	*	*	*
797	797	F21	4	129.0	229.0	195.0	237.7
798	798	F10	4	80.0	202.0	350.0	484.6
799	799	F25	4	90.0	221.0	330.0	481.6
800	800	F02	4	94.0	245.0	430.0	679.7
801	801	F07	4	126.0	236.0	410.0	588.3
802	802	F15	4	129.0	180.0	250.0	*
803	803	F22	4	100.0	212.0	395.0	594.4
804	804	F07	4	104.0	241.0	430.0	597.4
805	805	F22	4	110.0	242.0	390.0	606.6
806	806	F15	4	170.0	306.0	440.0	566.9
807	807	F24	4	120.0	245.0	410.0	624.8
808	808	F24	4	124.0	224.0	375.0	560.8
809	809	F25	4	96.0	194.0	350.0	478.5
810	810	F21	4	80.0	196.0	360.0	527.3
811	811	F25	4	95.0	202.0	340.0	484.6
812	812	F02	4	116.0	244.0	420.0	609.6
813	813	F16	4	80.0	198.0	315.0	454.2
814	814	F12	4	120.0	220.0	230.0	*
815	815	F20	4	84.0	224.0	320.0	481.6
816	816	F16	4	93.0	204.0	220.0	*
817	817	F24	4	106.0	240.0	375.0	594.4
818	818	F15	4	68.0	*	*	*
819	819	F12	4	60.0	162.0	245.0	402.3
820	820	F16	4	66.0	152.0	240.0	381.0
821	821	F12	4	119.0	234.0	340.0	521.2
822	822	F12	4	65.0	202.0	365.0	566.9
823	823	F21	4	80.0	176.0	340.0	502.9
824	824	F13	4	89.0	174.0	320.0	460.2