IDD	Indiv	Female	Rep	Time	HT
1	1	F09	1	1	62
2	1	F09	1	2	108
3	1	F09	1	3	240
4	1	F09	1	4	411.5
5	2	F02	1	1	66
6	2	F02	1	2	154
7	2	F02	1	3	275
8	2	F02	1	4	442
9	3	F21	1	1	65
10	3	F21	1	2	116
11	3	F21	1	3	245
12	3	F21	1	4	323.1
13	4	F25	1	1	68
14	4	F25	1	2	102
15	4	F25	1	3	225
16	4	F25	1	4	350.5
17	5	F13	1	1	58
18	5	F13	1	2	170
19	5	F13	1	3	325
20	5	F13	1	4	457.2
21	6	F14	1	1	117
22	6	F14	1	2	265
23	6	F14	1	3	445
24	6	F14	1	4	588.3
25	7	F14	1	1	*
26	7	F14	1	2	*
27	7	F14	1	3	*
28	7	F14	1	4	*
29	8	F15	1	1	75
30	8	F15	1	2	162
31	8	F15	1	3	315
32	8	F15	1	4	484.6
33	9	F18	1	1	74
34	9	F18	1	2	182
35	9	F18	1	3	340
36	9	F18	1	4	493.8
37	10	F03	1	1	100
38	10	F03	1	2	230
39	10	F03	1	3	350
40	10	F03	1	4	518.2
41	11	F07	1	1	72
42	11	F07	1	2	148
43	11	F07	1	3	310
44	11	F07	1	4	313.9
45	12	F14	1	1	69
46	12	F14	1	2	164
47	12	F14	1	3	310
48	12	F14	1	4	469.4
49	13	F11	1	1	87
50	13	F11	1	2	208
51	13	F11	1	3	340
52	13	F11	1	4	493.8
53	14	F24	1	1	50
54	14	F24	1	2	148
55	14	F24	1	3	290
56	14	F24	1	4	454.2
57	15	F02	1	1	66
58	15	F02	1	2	173
59	15	F02	1	3	350
60	15	F02	1	4	521.2
61	16	F21	1	1	75
62	16	F21	1	2	164
63	16	F21	1	3	305
64	16	F21	1	4	469.4
65	17	F15	1	1	78
66	17	F15	1	2	166
67	17	F15	1	3	315
68	17	F15	1	4	493.8
69	18	F21	1	1	60
70	18	F21	1	2	176
71	18	F21	1	3	320
72	18	F21	1	4	463.3
73	19	F03	1	1	75
74	19	F03	1	2	206
75	19	F03	1	3	410
76	19	F03	1	4	591.3
77	20	F16	1	1	61
78	20	F16	1	2	154
79	20	F16	1	3	325
80	20	F16	1	4	487.7
81	21	F14	1	1	80
82	21	F14	1	2	192
83	21	F14	1	3	325
84	21	F14	1	4	445
85	22	F12	1	1	50
86	22	F12	1	2	142
87	22	F12	1	3	305
88	22	F12	1	4	457.2
89	23	F16	1	1	98
90	23	F16	1	2	194
91	23	F16	1	3	360
92	23	F16	1	4	582.2
93	24	F21	1	1	68
94	24	F21	1	2	182
95	24	F21	1	3	340
96	24	F21	1	4	493.8
97	25	F16	1	1	53
98	25	F16	1	2	170
99	25	F16	1	3	380
100	25	F16	1	4	548.6
101	26	F07	1	1	64
102	26	F07	1	2	122
103	26	F07	1	3	215
104	26	F07	1	4	313.9
105	27	F22	1	1	58
106	27	F22	1	2	127
107	27	F22	1	3	360
108	27	F22	1	4	323.1
109	28	F16	1	1	90
110	28	F16	1	2	196
111	28	F16	1	3	385
112	28	F16	1	4	600.5
113	29	F01	1	1	85
114	29	F01	1	2	136
115	29	F01	1	3	250
116	29	F01	1	4	396.2
117	30	F16	1	1	57
118	30	F16	1	2	162
119	30	F16	1	3	350
120	30	F16	1	4	548.6
121	31	F24	1	1	82
122	31	F24	1	2	158
123	31	F24	1	3	305
124	31	F24	1	4	493.8
125	32	F21	1	1	62
126	32	F21	1	2	104
127	32	F21	1	3	220
128	32	F21	1	4	344.4
129	33	F01	1	1	82
130	33	F01	1	2	188
131	33	F01	1	3	350
132	33	F01	1	4	512.1
133	34	F25	1	1	94
134	34	F25	1	2	232
135	34	F25	1	3	410
136	34	F25	1	4	557.8
137	35	F03	1	1	130
138	35	F03	1	2	220
139	35	F03	1	3	385
140	35	F03	1	4	545.6
141	36	F13	1	1	70
142	36	F13	1	2	154
143	36	F13	1	3	320
144	36	F13	1	4	472.4
145	37	F25	1	1	102
146	37	F25	1	2	198
147	37	F25	1	3	410
148	37	F25	1	4	591.3
149	38	F03	1	1	90
150	38	F03	1	2	174
151	38	F03	1	3	370
152	38	F03	1	4	570
153	39	F25	1	1	74
154	39	F25	1	2	202
155	39	F25	1	3	425
156	39	F25	1	4	627.9
157	40	F14	1	1	70
158	40	F14	1	2	156
159	40	F14	1	3	380
160	40	F14	1	4	463.3
161	41	F21	1	1	84
162	41	F21	1	2	196
163	41	F21	1	3	320
164	41	F21	1	4	521.2
165	42	F05	1	1	80
166	42	F05	1	2	198
167	42	F05	1	3	270
168	42	F05	1	4	521.2
169	43	F09	1	1	56
170	43	F09	1	2	120
171	43	F09	1	3	335
172	43	F09	1	4	454.2
173	44	F22	1	1	71
174	44	F22	1	2	166
175	44	F22	1	3	300
176	44	F22	1	4	515.1
177	45	F22	1	1	80
178	45	F22	1	2	178
179	45	F22	1	3	380
180	45	F22	1	4	463.3
181	46	F09	1	1	80
182	46	F09	1	2	194
183	46	F09	1	3	220
184	46	F09	1	4	499.9
185	47	F11	1	1	78
186	47	F11	1	2	172
187	47	F11	1	3	330
188	47	F11	1	4	573
189	48	F11	1	1	85
190	48	F11	1	2	198
191	48	F11	1	3	370
192	48	F11	1	4	606.6
193	49	F24	1	1	135
194	49	F24	1	2	274
195	49	F24	1	3	480
196	49	F24	1	4	731.5
197	50	F21	1	1	*
198	50	F21	1	2	*
199	50	F21	1	3	*
200	50	F21	1	4	*
201	51	F16	1	1	90
202	51	F16	1	2	198
203	51	F16	1	3	345
204	51	F16	1	4	551.7
205	52	F15	1	1	87
206	52	F15	1	2	194
207	52	F15	1	3	350
208	52	F15	1	4	576.1
209	53	F25	1	1	91
210	53	F25	1	2	208
211	53	F25	1	3	400
212	53	F25	1	4	536.4
213	54	F16	1	1	114
214	54	F16	1	2	294
215	54	F16	1	3	530
216	54	F16	1	4	685.8
217	55	F14	1	1	85
218	55	F14	1	2	242
219	55	F14	1	3	470
220	55	F14	1	4	518.2
221	56	F09	1	1	62
222	56	F09	1	2	140
223	56	F09	1	3	310
224	56	F09	1	4	493.8
225	57	F25	1	1	112
226	57	F25	1	2	228
227	57	F25	1	3	415
228	57	F25	1	4	563.9
229	58	F25	1	1	96
230	58	F25	1	2	204
231	58	F25	1	3	400
232	58	F25	1	4	551.7
233	59	F14	1	1	101
234	59	F14	1	2	222
235	59	F14	1	3	370
236	59	F14	1	4	438.9
237	60	F03	1	1	89
238	60	F03	1	2	198
239	60	F03	1	3	410
240	60	F03	1	4	591.3
241	61	F03	1	1	82
242	61	F03	1	2	184
243	61	F03	1	3	340
244	61	F03	1	4	527.3
245	62	F24	1	1	88
246	62	F24	1	2	186
247	62	F24	1	3	335
248	62	F24	1	4	560.8
249	63	F05	1	1	60
250	63	F05	1	2	174
251	63	F05	1	3	340
252	63	F05	1	4	521.2
253	64	F16	1	1	113
254	64	F16	1	2	180
255	64	F16	1	3	320
256	64	F16	1	4	438.9
257	65	F01	1	1	77
258	65	F01	1	2	178
259	65	F01	1	3	310
260	65	F01	1	4	524.3
261	66	F23	1	1	100
262	66	F23	1	2	190
263	66	F23	1	3	360
264	66	F23	1	4	542.5
265	67	F21	1	1	63
266	67	F21	1	2	150
267	67	F21	1	3	240
268	67	F21	1	4	298.7
269	68	F25	1	1	84
270	68	F25	1	2	186
271	68	F25	1	3	350
272	68	F25	1	4	521.2
273	69	F01	1	1	117
274	69	F01	1	2	180
275	69	F01	1	3	340
276	69	F01	1	4	496.8
277	70	F13	1	1	127
278	70	F13	1	2	214
279	70	F13	1	3	370
280	70	F13	1	4	542.5
281	71	F24	1	1	94
282	71	F24	1	2	180
283	71	F24	1	3	400
284	71	F24	1	4	576.1
285	72	F16	1	1	48
286	72	F16	1	2	114
287	72	F16	1	3	275
288	72	F16	1	4	429.8
289	73	F02	1	1	108
290	73	F02	1	2	176
291	73	F02	1	3	345
292	73	F02	1	4	512.1
293	74	F19	1	1	74
294	74	F19	1	2	144
295	74	F19	1	3	290
296	74	F19	1	4	487.7
297	75	F10	1	1	90
298	75	F10	1	2	182
299	75	F10	1	3	335
300	75	F10	1	4	512.1
301	76	F21	1	1	56
302	76	F21	1	2	160
303	76	F21	1	3	280
304	76	F21	1	4	512.1
305	77	F10	1	1	98
306	77	F10	1	2	236
307	77	F10	1	3	390
308	77	F10	1	4	630.9
309	78	F21	1	1	87
310	78	F21	1	2	238
311	78	F21	1	3	425
312	78	F21	1	4	643.1
313	79	F15	1	1	80
314	79	F15	1	2	144
315	79	F15	1	3	265
316	79	F15	1	4	402.3
317	80	F23	1	1	70
318	80	F23	1	2	168
319	80	F23	1	3	360
320	80	F23	1	4	530.4
321	81	F12	1	1	104
322	81	F12	1	2	226
323	81	F12	1	3	380
324	81	F12	1	4	570
325	82	F05	1	1	76
326	82	F05	1	2	158
327	82	F05	1	3	295
328	82	F05	1	4	472.4
329	83	F01	1	1	115
330	83	F01	1	2	284
331	83	F01	1	3	440
332	83	F01	1	4	649.2
333	84	F03	1	1	96
334	84	F03	1	2	214
335	84	F03	1	3	385
336	84	F03	1	4	585.2
337	85	F16	1	1	82
338	85	F16	1	2	206
339	85	F16	1	3	380
340	85	F16	1	4	582.2
341	86	F03	1	1	*
342	86	F03	1	2	*
343	86	F03	1	3	*
344	86	F03	1	4	*
345	87	F02	1	1	118
346	87	F02	1	2	232
347	87	F02	1	3	395
348	87	F02	1	4	545.6
349	88	F21	1	1	80
350	88	F21	1	2	194
351	88	F21	1	3	370
352	88	F21	1	4	527.3
353	89	F25	1	1	81
354	89	F25	1	2	194
355	89	F25	1	3	360
356	89	F25	1	4	515.1
357	90	F03	1	1	90
358	90	F03	1	2	158
359	90	F03	1	3	290
360	90	F03	1	4	426.7
361	91	F22	1	1	50
362	91	F22	1	2	98
363	91	F22	1	3	180
364	91	F22	1	4	274.3
365	92	F18	1	1	85
366	92	F18	1	2	132
367	92	F18	1	3	250
368	92	F18	1	4	387.1
369	93	F10	1	1	80
370	93	F10	1	2	212
371	93	F10	1	3	390
372	93	F10	1	4	612.6
373	94	F07	1	1	69
374	94	F07	1	2	150
375	94	F07	1	3	310
376	94	F07	1	4	463.3
377	95	F01	1	1	78
378	95	F01	1	2	194
379	95	F01	1	3	360
380	95	F01	1	4	582.2
381	96	F09	1	1	71
382	96	F09	1	2	194
383	96	F09	1	3	380
384	96	F09	1	4	570
385	97	F07	1	1	98
386	97	F07	1	2	198
387	97	F07	1	3	390
388	97	F07	1	4	527.3
389	98	F02	1	1	111
390	98	F02	1	2	269
391	98	F02	1	3	450
392	98	F02	1	4	609.6
393	99	F14	1	1	100
394	99	F14	1	2	198
395	99	F14	1	3	345
396	99	F14	1	4	506
397	100	F11	1	1	57
398	100	F11	1	2	168
399	100	F11	1	3	340
400	100	F11	1	4	524.3
401	101	F01	1	1	80
402	101	F01	1	2	192
403	101	F01	1	3	350
404	101	F01	1	4	524.3
405	102	F02	1	1	113
406	102	F02	1	2	278
407	102	F02	1	3	470
408	102	F02	1	4	661.4
409	103	F25	1	1	74
410	103	F25	1	2	194
411	103	F25	1	3	390
412	103	F25	1	4	612.6
413	104	F09	1	1	83
414	104	F09	1	2	190
415	104	F09	1	3	310
416	104	F09	1	4	384
417	105	F05	1	1	55
418	105	F05	1	2	122
419	105	F05	1	3	275
420	105	F05	1	4	405.4
421	106	F23	1	1	66
422	106	F23	1	2	108
423	106	F23	1	3	250
424	106	F23	1	4	371.9
425	107	F03	1	1	80
426	107	F03	1	2	108
427	107	F03	1	3	210
428	107	F03	1	4	344.4
429	108	F03	1	1	78
430	108	F03	1	2	172
431	108	F03	1	3	260
432	108	F03	1	4	338.3
433	109	F04	1	1	77
434	109	F04	1	2	164
435	109	F04	1	3	300
436	109	F04	1	4	451.1
437	110	F15	1	1	94
438	110	F15	1	2	132
439	110	F15	1	3	185
440	110	F15	1	4	*
441	111	F04	1	1	100
442	111	F04	1	2	218
443	111	F04	1	3	385
444	111	F04	1	4	588.3
445	112	F05	1	1	88
446	112	F05	1	2	230
447	112	F05	1	3	410
448	112	F05	1	4	591.3
449	113	F16	1	1	84
450	113	F16	1	2	208
451	113	F16	1	3	405
452	113	F16	1	4	582.2
453	114	F03	1	1	96
454	114	F03	1	2	196
455	114	F03	1	3	380
456	114	F03	1	4	566.9
457	115	F19	1	1	81
458	115	F19	1	2	196
459	115	F19	1	3	370
460	115	F19	1	4	521.2
461	116	F09	1	1	54
462	116	F09	1	2	140
463	116	F09	1	3	280
464	116	F09	1	4	502.9
465	117	F26	1	1	33
466	117	F26	1	2	56
467	117	F26	1	3	*
468	117	F26	1	4	*
469	118	F15	1	1	84
470	118	F15	1	2	164
471	118	F15	1	3	280
472	118	F15	1	4	454.2
473	119	F05	1	1	107
474	119	F05	1	2	216
475	119	F05	1	3	380
476	119	F05	1	4	591.3
477	120	F23	1	1	98
478	120	F23	1	2	241
479	120	F23	1	3	400
480	120	F23	1	4	615.7
481	121	F09	1	1	96
482	121	F09	1	2	208
483	121	F09	1	3	370
484	121	F09	1	4	594.4
485	122	F16	1	1	83
486	122	F16	1	2	204
487	122	F16	1	3	395
488	122	F16	1	4	603.5
489	123	F16	1	1	97
490	123	F16	1	2	200
491	123	F16	1	3	350
492	123	F16	1	4	512.1
493	124	F15	1	1	70
494	124	F15	1	2	170
495	124	F15	1	3	310
496	124	F15	1	4	454.2
497	125	F24	1	1	97
498	125	F24	1	2	186
499	125	F24	1	3	355
500	125	F24	1	4	548.6
501	126	F02	1	1	72
502	126	F02	1	2	182
503	126	F02	1	3	360
504	126	F02	1	4	524.3
505	127	F08	1	1	72
506	127	F08	1	2	140
507	127	F08	1	3	260
508	127	F08	1	4	463.3
509	128	F19	1	1	42
510	128	F19	1	2	128
511	128	F19	1	3	285
512	128	F19	1	4	454.2
513	129	F03	1	1	77
514	129	F03	1	2	122
515	129	F03	1	3	245
516	129	F03	1	4	399.3
517	130	F02	1	1	64
518	130	F02	1	2	188
519	130	F02	1	3	320
520	130	F02	1	4	542.5
521	131	F12	1	1	*
522	131	F12	1	2	230
523	131	F12	1	3	420
524	131	F12	1	4	624.8
525	132	F19	1	1	70
526	132	F19	1	2	226
527	132	F19	1	3	330
528	132	F19	1	4	518.2
529	133	F09	1	1	45
530	133	F09	1	2	210
531	133	F09	1	3	340
532	133	F09	1	4	615.7
533	134	F15	1	1	72
534	134	F15	1	2	238
535	134	F15	1	3	380
536	134	F15	1	4	624.8
537	135	F05	1	1	96
538	135	F05	1	2	218
539	135	F05	1	3	425
540	135	F05	1	4	548.6
541	136	F13	1	1	47
542	136	F13	1	2	212
543	136	F13	1	3	410
544	136	F13	1	4	566.9
545	137	F04	1	1	72
546	137	F04	1	2	210
547	137	F04	1	3	400
548	137	F04	1	4	594.4
549	138	F18	1	1	122
550	138	F18	1	2	242
551	138	F18	1	3	370
552	138	F18	1	4	469.4
553	139	F19	1	1	88
554	139	F19	1	2	244
555	139	F19	1	3	475
556	139	F19	1	4	649.2
557	140	F15	1	1	106
558	140	F15	1	2	262
559	140	F15	1	3	365
560	140	F15	1	4	457.2
561	141	F19	1	1	98
562	141	F19	1	2	200
563	141	F19	1	3	365
564	141	F19	1	4	579.1
565	142	F19	1	1	128
566	142	F19	1	2	247
567	142	F19	1	3	415
568	142	F19	1	4	566.9
569	143	F24	1	1	80
570	143	F24	1	2	162
571	143	F24	1	3	320
572	143	F24	1	4	496.8
573	144	F08	1	1	78
574	144	F08	1	2	146
575	144	F08	1	3	265
576	144	F08	1	4	435.9
577	145	F12	1	1	44
578	145	F12	1	2	124
579	145	F12	1	3	310
580	145	F12	1	4	472.4
581	146	F06	1	1	50
582	146	F06	1	2	120
583	146	F06	1	3	250
584	146	F06	1	4	405.4
585	147	F08	1	1	*
586	147	F08	1	2	*
587	147	F08	1	3	*
588	147	F08	1	4	*
589	148	F08	1	1	58
590	148	F08	1	2	98
591	148	F08	1	3	195
592	148	F08	1	4	320
593	149	F04	1	1	70
594	149	F04	1	2	128
595	149	F04	1	3	250
596	149	F04	1	4	417.6
597	150	F17	1	1	57
598	150	F17	1	2	106
599	150	F17	1	3	215
600	150	F17	1	4	417.6
601	151	F26	1	1	96
602	151	F26	1	2	216
603	151	F26	1	3	360
604	151	F26	1	4	573
605	152	F06	1	1	100
606	152	F06	1	2	202
607	152	F06	1	3	350
608	152	F06	1	4	576.1
609	153	F12	1	1	125
610	153	F12	1	2	254
611	153	F12	1	3	465
612	153	F12	1	4	652.3
613	154	F08	1	1	91
614	154	F08	1	2	204
615	154	F08	1	3	400
616	154	F08	1	4	579.1
617	155	F01	1	1	109
618	155	F01	1	2	228
619	155	F01	1	3	360
620	155	F01	1	4	536.4
621	156	F09	1	1	66
622	156	F09	1	2	140
623	156	F09	1	3	290
624	156	F09	1	4	536.4
625	157	F19	1	1	67
626	157	F19	1	2	154
627	157	F19	1	3	320
628	157	F19	1	4	499.9
629	158	F15	1	1	134
630	158	F15	1	2	245
631	158	F15	1	3	430
632	158	F15	1	4	591.3
633	159	F12	1	1	120
634	159	F12	1	2	252
635	159	F12	1	3	440
636	159	F12	1	4	594.4
637	160	F05	1	1	94
638	160	F05	1	2	231
639	160	F05	1	3	380
640	160	F05	1	4	606.6
641	161	F20	1	1	57
642	161	F20	1	2	128
643	161	F20	1	3	270
644	161	F20	1	4	435.9
645	162	F16	1	1	97
646	162	F16	1	2	208
647	162	F16	1	3	340
648	162	F16	1	4	509
649	163	F02	1	1	89
650	163	F02	1	2	190
651	163	F02	1	3	365
652	163	F02	1	4	588.3
653	164	F06	1	1	107
654	164	F06	1	2	230
655	164	F06	1	3	425
656	164	F06	1	4	591.3
657	165	F26	1	1	86
658	165	F26	1	2	184
659	165	F26	1	3	360
660	165	F26	1	4	554.7
661	166	F15	1	1	35
662	166	F15	1	2	82
663	166	F15	1	3	165
664	166	F15	1	4	301.8
665	167	F04	1	1	68
666	167	F04	1	2	122
667	167	F04	1	3	290
668	167	F04	1	4	469.4
669	168	F17	1	1	70
670	168	F17	1	2	136
671	168	F17	1	3	260
672	168	F17	1	4	374.9
673	169	F17	1	1	88
674	169	F17	1	2	166
675	169	F17	1	3	350
676	169	F17	1	4	533.4
677	170	F24	1	1	80
678	170	F24	1	2	106
679	170	F24	1	3	290
680	170	F24	1	4	472.4
681	171	F17	1	1	60
682	171	F17	1	2	124
683	171	F17	1	3	320
684	171	F17	1	4	527.3
685	172	F19	1	1	100
686	172	F19	1	2	208
687	172	F19	1	3	370
688	172	F19	1	4	542.5
689	173	F15	1	1	96
690	173	F15	1	2	192
691	173	F15	1	3	220
692	173	F15	1	4	*
693	174	F05	1	1	*
694	174	F05	1	2	*
695	174	F05	1	3	*
696	174	F05	1	4	*
697	175	F15	1	1	104
698	175	F15	1	2	226
699	175	F15	1	3	380
700	175	F15	1	4	609.6
701	176	F06	1	1	78
702	176	F06	1	2	161
703	176	F06	1	3	320
704	176	F06	1	4	460.2
705	177	F05	1	1	114
706	177	F05	1	2	242
707	177	F05	1	3	380
708	177	F05	1	4	566.9
709	178	F06	1	1	76
710	178	F06	1	2	214
711	178	F06	1	3	410
712	178	F06	1	4	612.6
713	179	F03	1	1	100
714	179	F03	1	2	218
715	179	F03	1	3	390
716	179	F03	1	4	533.4
717	180	F15	1	1	102
718	180	F15	1	2	242
719	180	F15	1	3	390
720	180	F15	1	4	554.7
721	181	F15	1	1	122
722	181	F15	1	2	236
723	181	F15	1	3	410
724	181	F15	1	4	548.6
725	182	F04	1	1	78
726	182	F04	1	2	168
727	182	F04	1	3	360
728	182	F04	1	4	512.1
729	183	F12	1	1	73
730	183	F12	1	2	130
731	183	F12	1	3	235
732	183	F12	1	4	137.2
733	184	F15	1	1	66
734	184	F15	1	2	160
735	184	F15	1	3	295
736	184	F15	1	4	429.8
737	185	F06	1	1	58
738	185	F06	1	2	132
739	185	F06	1	3	320
740	185	F06	1	4	417.6
741	186	F04	1	1	*
742	186	F04	1	2	*
743	186	F04	1	3	*
744	186	F04	1	4	*
745	187	F23	1	1	77
746	187	F23	1	2	176
747	187	F23	1	3	280
748	187	F23	1	4	423.7
749	188	F19	1	1	113
750	188	F19	1	2	234
751	188	F19	1	3	380
752	188	F19	1	4	576.1
753	189	F15	1	1	125
754	189	F15	1	2	218
755	189	F15	1	3	230
756	189	F15	1	4	362.7
757	190	F20	1	1	104
758	190	F20	1	2	228
759	190	F20	1	3	390
760	190	F20	1	4	585.2
761	191	F04	1	1	81
762	191	F04	1	2	198
763	191	F04	1	3	390
764	191	F04	1	4	588.3
765	192	F19	1	1	91
766	192	F19	1	2	230
767	192	F19	1	3	420
768	192	F19	1	4	594.4
769	193	F12	1	1	103
770	193	F12	1	2	204
771	193	F12	1	3	440
772	193	F12	1	4	640.1
773	194	F06	1	1	86
774	194	F06	1	2	247
775	194	F06	1	3	455
776	194	F06	1	4	688.8
777	195	F03	1	1	84
778	195	F03	1	2	166
779	195	F03	1	3	330
780	195	F03	1	4	490.7
781	196	F12	1	1	103
782	196	F12	1	2	224
783	196	F12	1	3	405
784	196	F12	1	4	634
785	197	F19	1	1	76
786	197	F19	1	2	192
787	197	F19	1	3	365
788	197	F19	1	4	548.6
789	198	F20	1	1	63
790	198	F20	1	2	168
791	198	F20	1	3	325
792	198	F20	1	4	539.5
793	199	F15	1	1	100
794	199	F15	1	2	242
795	199	F15	1	3	375
796	199	F15	1	4	606.6
797	200	F06	1	1	86
798	200	F06	1	2	190
799	200	F06	1	3	325
800	200	F06	1	4	536.4
801	201	F08	1	1	90
802	201	F08	1	2	202
803	201	F08	1	3	370
804	201	F08	1	4	539.5
805	202	F06	1	1	102
806	202	F06	1	2	208
807	202	F06	1	3	400
808	202	F06	1	4	618.7
809	203	F26	1	1	50
810	203	F26	1	2	218
811	203	F26	1	3	385
812	203	F26	1	4	557.8
813	204	F10	1	1	93
814	204	F10	1	2	192
815	204	F10	1	3	340
816	204	F10	1	4	493.8
817	205	F08	1	1	123
818	205	F08	1	2	234
819	205	F08	1	3	420
820	205	F08	1	4	585.2
821	206	F09	1	1	77
822	206	F09	1	2	148
823	206	F09	1	3	265
824	206	F09	1	4	414.5
825	207	F15	2	1	70
826	207	F15	2	2	186
827	207	F15	2	3	305
828	207	F15	2	4	466.3
829	208	F05	2	1	100
830	208	F05	2	2	166
831	208	F05	2	3	340
832	208	F05	2	4	509
833	209	F08	2	1	78
834	209	F08	2	2	194
835	209	F08	2	3	360
836	209	F08	2	4	545.6
837	210	F15	2	1	102
838	210	F15	2	2	222
839	210	F15	2	3	400
840	210	F15	2	4	563.9
841	211	F16	2	1	65
842	211	F16	2	2	198
843	211	F16	2	3	400
844	211	F16	2	4	570
845	212	F05	2	1	58
846	212	F05	2	2	112
847	212	F05	2	3	285
848	212	F05	2	4	445
849	213	F13	2	1	85
850	213	F13	2	2	218
851	213	F13	2	3	390
852	213	F13	2	4	566.9
853	214	F15	2	1	108
854	214	F15	2	2	220
855	214	F15	2	3	340
856	214	F15	2	4	536.4
857	215	F03	2	1	110
858	215	F03	2	2	218
859	215	F03	2	3	410
860	215	F03	2	4	600.5
861	216	F06	2	1	121
862	216	F06	2	2	244
863	216	F06	2	3	435
864	216	F06	2	4	591.3
865	217	F04	2	1	108
866	217	F04	2	2	266
867	217	F04	2	3	480
868	217	F04	2	4	646.2
869	218	F12	2	1	90
870	218	F12	2	2	200
871	218	F12	2	3	355
872	218	F12	2	4	560.8
873	219	F26	2	1	129
874	219	F26	2	2	242
875	219	F26	2	3	435
876	219	F26	2	4	649.2
877	220	F26	2	1	80
878	220	F26	2	2	256
879	220	F26	2	3	470
880	220	F26	2	4	694.9
881	221	F24	2	1	104
882	221	F24	2	2	293
883	221	F24	2	3	500
884	221	F24	2	4	704.1
885	222	F08	2	1	114
886	222	F08	2	2	220
887	222	F08	2	3	340
888	222	F08	2	4	496.8
889	223	F12	2	1	98
890	223	F12	2	2	218
891	223	F12	2	3	410
892	223	F12	2	4	621.8
893	224	F06	2	1	111
894	224	F06	2	2	232
895	224	F06	2	3	415
896	224	F06	2	4	640.1
897	225	F15	2	1	123
898	225	F15	2	2	238
899	225	F15	2	3	400
900	225	F15	2	4	570
901	226	F19	2	1	106
902	226	F19	2	2	206
903	226	F19	2	3	350
904	226	F19	2	4	524.3
905	227	F19	2	1	69
906	227	F19	2	2	96
907	227	F19	2	3	*
908	227	F19	2	4	*
909	228	F12	2	1	105
910	228	F12	2	2	260
911	228	F12	2	3	445
912	228	F12	2	4	618.7
913	229	F03	2	1	102
914	229	F03	2	2	172
915	229	F03	2	3	330
916	229	F03	2	4	548.6
917	230	F06	2	1	136
918	230	F06	2	2	266
919	230	F06	2	3	430
920	230	F06	2	4	691.9
921	231	F19	2	1	105
922	231	F19	2	2	224
923	231	F19	2	3	390
924	231	F19	2	4	429.8
925	232	F01	2	1	95
926	232	F01	2	2	218
927	232	F01	2	3	400
928	232	F01	2	4	594.4
929	233	F26	2	1	76
930	233	F26	2	2	232
931	233	F26	2	3	265
932	233	F26	2	4	472.4
933	234	F15	2	1	60
934	234	F15	2	2	176
935	234	F15	2	3	280
936	234	F15	2	4	396.2
937	235	F05	2	1	77
938	235	F05	2	2	206
939	235	F05	2	3	370
940	235	F05	2	4	576.1
941	236	F03	2	1	124
942	236	F03	2	2	277
943	236	F03	2	3	510
944	236	F03	2	4	691.9
945	237	F12	2	1	117
946	237	F12	2	2	202
947	237	F12	2	3	400
948	237	F12	2	4	621.8
949	238	F09	2	1	106
950	238	F09	2	2	202
951	238	F09	2	3	410
952	238	F09	2	4	594.4
953	239	F04	2	1	97
954	239	F04	2	2	218
955	239	F04	2	3	400
956	239	F04	2	4	566.9
957	240	F04	2	1	64
958	240	F04	2	2	216
959	240	F04	2	3	340
960	240	F04	2	4	557.8
961	241	F08	2	1	88
962	241	F08	2	2	178
963	241	F08	2	3	340
964	241	F08	2	4	487.7
965	242	F15	2	1	70
966	242	F15	2	2	188
967	242	F15	2	3	360
968	242	F15	2	4	539.5
969	243	F04	2	1	99
970	243	F04	2	2	224
971	243	F04	2	3	390
972	243	F04	2	4	576.1
973	244	F06	2	1	117
974	244	F06	2	2	226
975	244	F06	2	3	380
976	244	F06	2	4	582.2
977	245	F08	2	1	70
978	245	F08	2	2	146
979	245	F08	2	3	350
980	245	F08	2	4	576.1
981	246	F23	2	1	113
982	246	F23	2	2	245
983	246	F23	2	3	490
984	246	F23	2	4	676.7
985	247	F19	2	1	112
986	247	F19	2	2	258
987	247	F19	2	3	450
988	247	F19	2	4	661.4
989	248	F02	2	1	134
990	248	F02	2	2	252
991	248	F02	2	3	440
992	248	F02	2	4	624.8
993	249	F15	2	1	123
994	249	F15	2	2	238
995	249	F15	2	3	380
996	249	F15	2	4	560.8
997	250	F19	2	1	81
998	250	F19	2	2	180
999	250	F19	2	3	360
1000	250	F19	2	4	499.9
1001	251	F06	2	1	82
1002	251	F06	2	2	176
1003	251	F06	2	3	350
1004	251	F06	2	4	530.4
1005	252	F20	2	1	98
1006	252	F20	2	2	204
1007	252	F20	2	3	380
1008	252	F20	2	4	530.4
1009	253	F15	2	1	76
1010	253	F15	2	2	160
1011	253	F15	2	3	190
1012	253	F15	2	4	*
1013	254	F09	2	1	90
1014	254	F09	2	2	238
1015	254	F09	2	3	410
1016	254	F09	2	4	603.5
1017	255	F19	2	1	91
1018	255	F19	2	2	220
1019	255	F19	2	3	410
1020	255	F19	2	4	618.7
1021	256	F08	2	1	115
1022	256	F08	2	2	241
1023	256	F08	2	3	430
1024	256	F08	2	4	615.7
1025	257	F12	2	1	80
1026	257	F12	2	2	190
1027	257	F12	2	3	350
1028	257	F12	2	4	539.5
1029	258	F24	2	1	109
1030	258	F24	2	2	236
1031	258	F24	2	3	420
1032	258	F24	2	4	600.5
1033	259	F19	2	1	80
1034	259	F19	2	2	190
1035	259	F19	2	3	400
1036	259	F19	2	4	545.6
1037	260	F03	2	1	109
1038	260	F03	2	2	212
1039	260	F03	2	3	350
1040	260	F03	2	4	490.7
1041	261	F15	2	1	*
1042	261	F15	2	2	*
1043	261	F15	2	3	*
1044	261	F15	2	4	*
1045	262	F16	2	1	103
1046	262	F16	2	2	190
1047	262	F16	2	3	380
1048	262	F16	2	4	621.8
1049	263	F05	2	1	84
1050	263	F05	2	2	234
1051	263	F05	2	3	480
1052	263	F05	2	4	685.8
1053	264	F19	2	1	100
1054	264	F19	2	2	252
1055	264	F19	2	3	440
1056	264	F19	2	4	588.3
1057	265	F04	2	1	120
1058	265	F04	2	2	264
1059	265	F04	2	3	425
1060	265	F04	2	4	643.1
1061	266	F20	2	1	115
1062	266	F20	2	2	232
1063	266	F20	2	3	440
1064	266	F20	2	4	670.6
1065	267	F08	2	1	98
1066	267	F08	2	2	194
1067	267	F08	2	3	320
1068	267	F08	2	4	499.9
1069	268	F09	2	1	92
1070	268	F09	2	2	200
1071	268	F09	2	3	420
1072	268	F09	2	4	624.8
1073	269	F15	2	1	133
1074	269	F15	2	2	222
1075	269	F15	2	3	380
1076	269	F15	2	4	609.6
1077	270	F04	2	1	52
1078	270	F04	2	2	138
1079	270	F04	2	3	260
1080	270	F04	2	4	390.1
1081	271	F10	2	1	86
1082	271	F10	2	2	200
1083	271	F10	2	3	400
1084	271	F10	2	4	518.2
1085	272	F23	2	1	78
1086	272	F23	2	2	188
1087	272	F23	2	3	380
1088	272	F23	2	4	515.1
1089	273	F09	2	1	100
1090	273	F09	2	2	190
1091	273	F09	2	3	360
1092	273	F09	2	4	551.7
1093	274	F15	2	1	109
1094	274	F15	2	2	206
1095	274	F15	2	3	240
1096	274	F15	2	4	274.3
1097	275	F15	2	1	84
1098	275	F15	2	2	240
1099	275	F15	2	3	410
1100	275	F15	2	4	496.8
1101	276	F04	2	1	112
1102	276	F04	2	2	274
1103	276	F04	2	3	480
1104	276	F04	2	4	716.3
1105	277	F06	2	1	81
1106	277	F06	2	2	192
1107	277	F06	2	3	220
1108	277	F06	2	4	390.1
1109	278	F20	2	1	98
1110	278	F20	2	2	194
1111	278	F20	2	3	365
1112	278	F20	2	4	509
1113	279	F09	2	1	80
1114	279	F09	2	2	200
1115	279	F09	2	3	380
1116	279	F09	2	4	530.4
1117	280	F17	2	1	86
1118	280	F17	2	2	242
1119	280	F17	2	3	490
1120	280	F17	2	4	664.5
1121	281	F26	2	1	122
1122	281	F26	2	2	253
1123	281	F26	2	3	480
1124	281	F26	2	4	658.4
1125	282	F06	2	1	62
1126	282	F06	2	2	160
1127	282	F06	2	3	270
1128	282	F06	2	4	356.6
1129	283	F19	2	1	103
1130	283	F19	2	2	220
1131	283	F19	2	3	375
1132	283	F19	2	4	579.1
1133	284	F19	2	1	83
1134	284	F19	2	2	176
1135	284	F19	2	3	320
1136	284	F19	2	4	527.3
1137	285	F04	2	1	80
1138	285	F04	2	2	178
1139	285	F04	2	3	400
1140	285	F04	2	4	582.2
1141	286	F15	2	1	116
1142	286	F15	2	2	222
1143	286	F15	2	3	425
1144	286	F15	2	4	597.4
1145	287	F24	2	1	134
1146	287	F24	2	2	248
1147	287	F24	2	3	355
1148	287	F24	2	4	606.6
1149	288	F16	2	1	98
1150	288	F16	2	2	180
1151	288	F16	2	3	350
1152	288	F16	2	4	542.5
1153	289	F05	2	1	50
1154	289	F05	2	2	104
1155	289	F05	2	3	280
1156	289	F05	2	4	472.4
1157	290	F16	2	1	71
1158	290	F16	2	2	190
1159	290	F16	2	3	350
1160	290	F16	2	4	570
1161	291	F06	2	1	95
1162	291	F06	2	2	182
1163	291	F06	2	3	380
1164	291	F06	2	4	624.8
1165	292	F19	2	1	73
1166	292	F19	2	2	178
1167	292	F19	2	3	325
1168	292	F19	2	4	448.1
1169	293	F15	2	1	117
1170	293	F15	2	2	250
1171	293	F15	2	3	425
1172	293	F15	2	4	563.9
1173	294	F18	2	1	126
1174	294	F18	2	2	280
1175	294	F18	2	3	450
1176	294	F18	2	4	634
1177	295	F12	2	1	150
1178	295	F12	2	2	281
1179	295	F12	2	3	430
1180	295	F12	2	4	582.2
1181	296	F02	2	1	89
1182	296	F02	2	2	210
1183	296	F02	2	3	440
1184	296	F02	2	4	588.3
1185	297	F05	2	1	48
1186	297	F05	2	2	142
1187	297	F05	2	3	330
1188	297	F05	2	4	387.1
1189	298	F03	2	1	79
1190	298	F03	2	2	224
1191	298	F03	2	3	430
1192	298	F03	2	4	594.4
1193	299	F08	2	1	58
1194	299	F08	2	2	102
1195	299	F08	2	3	260
1196	299	F08	2	4	371.9
1197	300	F17	2	1	79
1198	300	F17	2	2	170
1199	300	F17	2	3	365
1200	300	F17	2	4	579.1
1201	301	F02	2	1	93
1202	301	F02	2	2	214
1203	301	F02	2	3	380
1204	301	F02	2	4	573
1205	302	F17	2	1	57
1206	302	F17	2	2	164
1207	302	F17	2	3	320
1208	302	F17	2	4	487.7
1209	303	F12	2	1	58
1210	303	F12	2	2	162
1211	303	F12	2	3	310
1212	303	F12	2	4	481.6
1213	304	F17	2	1	73
1214	304	F17	2	2	184
1215	304	F17	2	3	350
1216	304	F17	2	4	533.4
1217	305	F06	2	1	50
1218	305	F06	2	2	102
1219	305	F06	2	3	170
1220	305	F06	2	4	*
1221	306	F14	2	1	52
1222	306	F14	2	2	190
1223	306	F14	2	3	270
1224	306	F14	2	4	463.3
1225	307	F15	2	1	54
1226	307	F15	2	2	170
1227	307	F15	2	3	335
1228	307	F15	2	4	554.7
1229	308	F16	2	1	70
1230	308	F16	2	2	181
1231	308	F16	2	3	370
1232	308	F16	2	4	533.4
1233	309	F21	2	1	70
1234	309	F21	2	2	156
1235	309	F21	2	3	330
1236	309	F21	2	4	527.3
1237	310	F01	2	1	122
1238	310	F01	2	2	234
1239	310	F01	2	3	430
1240	310	F01	2	4	612.6
1241	311	F10	2	1	82
1242	311	F10	2	2	182
1243	311	F10	2	3	320
1244	311	F10	2	4	530.4
1245	312	F03	2	1	96
1246	312	F03	2	2	232
1247	312	F03	2	3	410
1248	312	F03	2	4	640.1
1249	313	F25	2	1	62
1250	313	F25	2	2	164
1251	313	F25	2	3	320
1252	313	F25	2	4	521.2
1253	314	F25	2	1	74
1254	314	F25	2	2	174
1255	314	F25	2	3	335
1256	314	F25	2	4	609.6
1257	315	F21	2	1	108
1258	315	F21	2	2	246
1259	315	F21	2	3	470
1260	315	F21	2	4	698
1261	316	F11	2	1	82
1262	316	F11	2	2	216
1263	316	F11	2	3	330
1264	316	F11	2	4	451.1
1265	317	F22	2	1	100
1266	317	F22	2	2	256
1267	317	F22	2	3	465
1268	317	F22	2	4	688.8
1269	318	F15	2	1	109
1270	318	F15	2	2	222
1271	318	F15	2	3	390
1272	318	F15	2	4	560.8
1273	319	F07	2	1	81
1274	319	F07	2	2	176
1275	319	F07	2	3	315
1276	319	F07	2	4	423.7
1277	320	F03	2	1	82
1278	320	F03	2	2	162
1279	320	F03	2	3	315
1280	320	F03	2	4	445
1281	321	F22	2	1	120
1282	321	F22	2	2	222
1283	321	F22	2	3	410
1284	321	F22	2	4	603.5
1285	322	F09	2	1	70
1286	322	F09	2	2	146
1287	322	F09	2	3	310
1288	322	F09	2	4	445
1289	323	F14	2	1	76
1290	323	F14	2	2	180
1291	323	F14	2	3	345
1292	323	F14	2	4	563.9
1293	324	F11	2	1	103
1294	324	F11	2	2	226
1295	324	F11	2	3	410
1296	324	F11	2	4	609.6
1297	325	F13	2	1	89
1298	325	F13	2	2	180
1299	325	F13	2	3	360
1300	325	F13	2	4	521.2
1301	326	F09	2	1	64
1302	326	F09	2	2	160
1303	326	F09	2	3	400
1304	326	F09	2	4	536.4
1305	327	F03	2	1	87
1306	327	F03	2	2	210
1307	327	F03	2	3	430
1308	327	F03	2	4	673.6
1309	328	F01	2	1	80
1310	328	F01	2	2	231
1311	328	F01	2	3	410
1312	328	F01	2	4	652.3
1313	329	F16	2	1	70
1314	329	F16	2	2	158
1315	329	F16	2	3	330
1316	329	F16	2	4	521.2
1317	330	F16	2	1	50
1318	330	F16	2	2	146
1319	330	F16	2	3	280
1320	330	F16	2	4	448.1
1321	331	F21	2	1	116
1322	331	F21	2	2	206
1323	331	F21	2	3	460
1324	331	F21	2	4	673.6
1325	332	F01	2	1	94
1326	332	F01	2	2	224
1327	332	F01	2	3	440
1328	332	F01	2	4	652.3
1329	333	F23	2	1	61
1330	333	F23	2	2	154
1331	333	F23	2	3	305
1332	333	F23	2	4	545.6
1333	334	F16	2	1	51
1334	334	F16	2	2	176
1335	334	F16	2	3	350
1336	334	F16	2	4	527.3
1337	335	F05	2	1	69
1338	335	F05	2	2	140
1339	335	F05	2	3	265
1340	335	F05	2	4	454.2
1341	336	F09	2	1	79
1342	336	F09	2	2	120
1343	336	F09	2	3	305
1344	336	F09	2	4	487.7
1345	337	F18	2	1	116
1346	337	F18	2	2	237
1347	337	F18	2	3	400
1348	337	F18	2	4	624.8
1349	338	F21	2	1	99
1350	338	F21	2	2	180
1351	338	F21	2	3	260
1352	338	F21	2	4	460.2
1353	339	F25	2	1	113
1354	339	F25	2	2	220
1355	339	F25	2	3	340
1356	339	F25	2	4	448.1
1357	340	F02	2	1	111
1358	340	F02	2	2	276
1359	340	F02	2	3	490
1360	340	F02	2	4	685.8
1361	341	F14	2	1	142
1362	341	F14	2	2	304
1363	341	F14	2	3	480
1364	341	F14	2	4	615.7
1365	342	F03	2	1	100
1366	342	F03	2	2	226
1367	342	F03	2	3	390
1368	342	F03	2	4	566.9
1369	343	F22	2	1	61
1370	343	F22	2	2	190
1371	343	F22	2	3	290
1372	343	F22	2	4	573
1373	344	F03	2	1	96
1374	344	F03	2	2	216
1375	344	F03	2	3	390
1376	344	F03	2	4	606.6
1377	345	F12	2	1	102
1378	345	F12	2	2	212
1379	345	F12	2	3	415
1380	345	F12	2	4	621.8
1381	346	F24	2	1	82
1382	346	F24	2	2	246
1383	346	F24	2	3	400
1384	346	F24	2	4	637
1385	347	F07	2	1	80
1386	347	F07	2	2	180
1387	347	F07	2	3	215
1388	347	F07	2	4	399.3
1389	348	F10	2	1	*
1390	348	F10	2	2	*
1391	348	F10	2	3	*
1392	348	F10	2	4	*
1393	349	F22	2	1	48
1394	349	F22	2	2	134
1395	349	F22	2	3	250
1396	349	F22	2	4	420.6
1397	350	F09	2	1	94
1398	350	F09	2	2	214
1399	350	F09	2	3	390
1400	350	F09	2	4	646.2
1401	351	F21	2	1	86
1402	351	F21	2	2	194
1403	351	F21	2	3	365
1404	351	F21	2	4	615.7
1405	352	F14	2	1	114
1406	352	F14	2	2	232
1407	352	F14	2	3	380
1408	352	F14	2	4	627.9
1409	353	F13	2	1	63
1410	353	F13	2	2	169
1411	353	F13	2	3	350
1412	353	F13	2	4	515.1
1413	354	F05	2	1	68
1414	354	F05	2	2	178
1415	354	F05	2	3	285
1416	354	F05	2	4	478.5
1417	355	F11	2	1	68
1418	355	F11	2	2	142
1419	355	F11	2	3	285
1420	355	F11	2	4	481.6
1421	356	F19	2	1	109
1422	356	F19	2	2	228
1423	356	F19	2	3	430
1424	356	F19	2	4	615.7
1425	357	F09	2	1	98
1426	357	F09	2	2	238
1427	357	F09	2	3	430
1428	357	F09	2	4	597.4
1429	358	F25	2	1	60
1430	358	F25	2	2	174
1431	358	F25	2	3	330
1432	358	F25	2	4	536.4
1433	359	F09	2	1	*
1434	359	F09	2	2	*
1435	359	F09	2	3	*
1436	359	F09	2	4	*
1437	360	F01	2	1	116
1438	360	F01	2	2	262
1439	360	F01	2	3	470
1440	360	F01	2	4	652.3
1441	361	F24	2	1	132
1442	361	F24	2	2	242
1443	361	F24	2	3	430
1444	361	F24	2	4	566.9
1445	362	F02	2	1	57
1446	362	F02	2	2	*
1447	362	F02	2	3	*
1448	362	F02	2	4	*
1449	363	F11	2	1	94
1450	363	F11	2	2	230
1451	363	F11	2	3	350
1452	363	F11	2	4	563.9
1453	364	F21	2	1	83
1454	364	F21	2	2	194
1455	364	F21	2	3	400
1456	364	F21	2	4	612.6
1457	365	F23	2	1	97
1458	365	F23	2	2	226
1459	365	F23	2	3	400
1460	365	F23	2	4	542.5
1461	366	F03	2	1	102
1462	366	F03	2	2	208
1463	366	F03	2	3	400
1464	366	F03	2	4	551.7
1465	367	F16	2	1	134
1466	367	F16	2	2	282
1467	367	F16	2	3	510
1468	367	F16	2	4	643.1
1469	368	F05	2	1	80
1470	368	F05	2	2	184
1471	368	F05	2	3	400
1472	368	F05	2	4	591.3
1473	369	F25	2	1	*
1474	369	F25	2	2	*
1475	369	F25	2	3	*
1476	369	F25	2	4	*
1477	370	F16	2	1	96
1478	370	F16	2	2	192
1479	370	F16	2	3	380
1480	370	F16	2	4	509
1481	371	F07	2	1	90
1482	371	F07	2	2	154
1483	371	F07	2	3	305
1484	371	F07	2	4	515.1
1485	372	F02	2	1	123
1486	372	F02	2	2	290
1487	372	F02	2	3	480
1488	372	F02	2	4	670.6
1489	373	F16	2	1	74
1490	373	F16	2	2	188
1491	373	F16	2	3	360
1492	373	F16	2	4	545.6
1493	374	F24	2	1	123
1494	374	F24	2	2	264
1495	374	F24	2	3	470
1496	374	F24	2	4	701
1497	375	F16	2	1	79
1498	375	F16	2	2	202
1499	375	F16	2	3	390
1500	375	F16	2	4	603.5
1501	376	F16	2	1	76
1502	376	F16	2	2	186
1503	376	F16	2	3	330
1504	376	F16	2	4	515.1
1505	377	F01	2	1	84
1506	377	F01	2	2	196
1507	377	F01	2	3	400
1508	377	F01	2	4	661.4
1509	378	F13	2	1	88
1510	378	F13	2	2	206
1511	378	F13	2	3	360
1512	378	F13	2	4	533.4
1513	379	F21	2	1	*
1514	379	F21	2	2	*
1515	379	F21	2	3	*
1516	379	F21	2	4	*
1517	380	F03	2	1	112
1518	380	F03	2	2	212
1519	380	F03	2	3	360
1520	380	F03	2	4	533.4
1521	381	F10	2	1	81
1522	381	F10	2	2	160
1523	381	F10	2	3	290
1524	381	F10	2	4	381
1525	382	F25	2	1	91
1526	382	F25	2	2	176
1527	382	F25	2	3	365
1528	382	F25	2	4	560.8
1529	383	F01	2	1	136
1530	383	F01	2	2	274
1531	383	F01	2	3	430
1532	383	F01	2	4	667.5
1533	384	F25	2	1	134
1534	384	F25	2	2	216
1535	384	F25	2	3	340
1536	384	F25	2	4	533.4
1537	385	F16	2	1	110
1538	385	F16	2	2	212
1539	385	F16	2	3	410
1540	385	F16	2	4	585.2
1541	386	F14	2	1	131
1542	386	F14	2	2	208
1543	386	F14	2	3	360
1544	386	F14	2	4	512.1
1545	387	F24	2	1	103
1546	387	F24	2	2	220
1547	387	F24	2	3	430
1548	387	F24	2	4	585.2
1549	388	F21	2	1	76
1550	388	F21	2	2	165
1551	388	F21	2	3	330
1552	388	F21	2	4	515.1
1553	389	F15	2	1	85
1554	389	F15	2	2	138
1555	389	F15	2	3	305
1556	389	F15	2	4	451.1
1557	390	F25	2	1	86
1558	390	F25	2	2	192
1559	390	F25	2	3	380
1560	390	F25	2	4	551.7
1561	391	F23	2	1	100
1562	391	F23	2	2	198
1563	391	F23	2	3	410
1564	391	F23	2	4	576.1
1565	392	F21	2	1	90
1566	392	F21	2	2	216
1567	392	F21	2	3	390
1568	392	F21	2	4	560.8
1569	393	F25	2	1	130
1570	393	F25	2	2	268
1571	393	F25	2	3	440
1572	393	F25	2	4	573
1573	394	F25	2	1	98
1574	394	F25	2	2	206
1575	394	F25	2	3	370
1576	394	F25	2	4	515.1
1577	395	F02	2	1	122
1578	395	F02	2	2	262
1579	395	F02	2	3	410
1580	395	F02	2	4	621.8
1581	396	F16	2	1	70
1582	396	F16	2	2	148
1583	396	F16	2	3	275
1584	396	F16	2	4	429.8
1585	397	F01	2	1	77
1586	397	F01	2	2	196
1587	397	F01	2	3	360
1588	397	F01	2	4	551.7
1589	398	F15	2	1	95
1590	398	F15	2	2	220
1591	398	F15	2	3	405
1592	398	F15	2	4	597.4
1593	399	F21	2	1	114
1594	399	F21	2	2	236
1595	399	F21	2	3	450
1596	399	F21	2	4	615.7
1597	400	F02	2	1	110
1598	400	F02	2	2	225
1599	400	F02	2	3	430
1600	400	F02	2	4	624.8
1601	401	F03	2	1	125
1602	401	F03	2	2	220
1603	401	F03	2	3	410
1604	401	F03	2	4	545.6
1605	402	F05	2	1	92
1606	402	F05	2	2	232
1607	402	F05	2	3	435
1608	402	F05	2	4	591.3
1609	403	F03	2	1	128
1610	403	F03	2	2	234
1611	403	F03	2	3	350
1612	403	F03	2	4	*
1613	404	F03	2	1	70
1614	404	F03	2	2	184
1615	404	F03	2	3	340
1616	404	F03	2	4	512.1
1617	405	F24	2	1	121
1618	405	F24	2	2	238
1619	405	F24	2	3	400
1620	405	F24	2	4	560.8
1621	406	F14	2	1	110
1622	406	F14	2	2	220
1623	406	F14	2	3	360
1624	406	F14	2	4	539.5
1625	407	F07	2	1	79
1626	407	F07	2	2	212
1627	407	F07	2	3	310
1628	407	F07	2	4	411.5
1629	408	F14	2	1	89
1630	408	F14	2	2	172
1631	408	F14	2	3	320
1632	408	F14	2	4	390.1
1633	409	F14	2	1	36
1634	409	F14	2	2	56
1635	409	F14	2	3	85
1636	409	F14	2	4	173.7
1637	410	F02	2	1	106
1638	410	F02	2	2	230
1639	410	F02	2	3	370
1640	410	F02	2	4	579.1
1641	411	F18	2	1	152
1642	411	F18	2	2	274
1643	411	F18	2	3	420
1644	411	F18	2	4	643.1
1645	412	F21	2	1	115
1646	412	F21	2	2	224
1647	412	F21	2	3	360
1648	412	F21	2	4	527.3
1649	413	F01	3	1	86
1650	413	F01	3	2	206
1651	413	F01	3	3	320
1652	413	F01	3	4	481.6
1653	414	F22	3	1	85
1654	414	F22	3	2	184
1655	414	F22	3	3	350
1656	414	F22	3	4	490.7
1657	415	F10	3	1	104
1658	415	F10	3	2	194
1659	415	F10	3	3	390
1660	415	F10	3	4	603.5
1661	416	F16	3	1	99
1662	416	F16	3	2	192
1663	416	F16	3	3	350
1664	416	F16	3	4	560.8
1665	417	F02	3	1	86
1666	417	F02	3	2	182
1667	417	F02	3	3	315
1668	417	F02	3	4	463.3
1669	418	F07	3	1	110
1670	418	F07	3	2	204
1671	418	F07	3	3	340
1672	418	F07	3	4	509
1673	419	F05	3	1	70
1674	419	F05	3	2	162
1675	419	F05	3	3	260
1676	419	F05	3	4	381
1677	420	F15	3	1	54
1678	420	F15	3	2	135
1679	420	F15	3	3	270
1680	420	F15	3	4	396.2
1681	421	F25	3	1	78
1682	421	F25	3	2	161
1683	421	F25	3	3	280
1684	421	F25	3	4	490.7
1685	422	F21	3	1	98
1686	422	F21	3	2	182
1687	422	F21	3	3	350
1688	422	F21	3	4	527.3
1689	423	F05	3	1	95
1690	423	F05	3	2	180
1691	423	F05	3	3	370
1692	423	F05	3	4	509
1693	424	F09	3	1	89
1694	424	F09	3	2	197
1695	424	F09	3	3	330
1696	424	F09	3	4	448.1
1697	425	F24	3	1	92
1698	425	F24	3	2	256
1699	425	F24	3	3	470
1700	425	F24	3	4	649.2
1701	426	F10	3	1	104
1702	426	F10	3	2	230
1703	426	F10	3	3	390
1704	426	F10	3	4	594.4
1705	427	F21	3	1	90
1706	427	F21	3	2	220
1707	427	F21	3	3	440
1708	427	F21	3	4	582.2
1709	428	F14	3	1	88
1710	428	F14	3	2	203
1711	428	F14	3	3	315
1712	428	F14	3	4	490.7
1713	429	F03	3	1	100
1714	429	F03	3	2	216
1715	429	F03	3	3	380
1716	429	F03	3	4	515.1
1717	430	F15	3	1	88
1718	430	F15	3	2	200
1719	430	F15	3	3	380
1720	430	F15	3	4	469.4
1721	431	F03	3	1	98
1722	431	F03	3	2	208
1723	431	F03	3	3	380
1724	431	F03	3	4	515.1
1725	432	F25	3	1	*
1726	432	F25	3	2	*
1727	432	F25	3	3	*
1728	432	F25	3	4	*
1729	433	F12	3	1	58
1730	433	F12	3	2	180
1731	433	F12	3	3	385
1732	433	F12	3	4	597.4
1733	434	F08	3	1	99
1734	434	F08	3	2	171
1735	434	F08	3	3	265
1736	434	F08	3	4	374.9
1737	435	F21	3	1	90
1738	435	F21	3	2	190
1739	435	F21	3	3	305
1740	435	F21	3	4	478.5
1741	436	F12	3	1	104
1742	436	F12	3	2	276
1743	436	F12	3	3	510
1744	436	F12	3	4	664.5
1745	437	F20	3	1	80
1746	437	F20	3	2	181
1747	437	F20	3	3	370
1748	437	F20	3	4	570
1749	438	F24	3	1	68
1750	438	F24	3	2	172
1751	438	F24	3	3	320
1752	438	F24	3	4	506
1753	439	F19	3	1	109
1754	439	F19	3	2	200
1755	439	F19	3	3	360
1756	439	F19	3	4	484.6
1757	440	F02	3	1	86
1758	440	F02	3	2	196
1759	440	F02	3	3	350
1760	440	F02	3	4	533.4
1761	441	F12	3	1	64
1762	441	F12	3	2	124
1763	441	F12	3	3	230
1764	441	F12	3	4	405.4
1765	442	F14	3	1	72
1766	442	F14	3	2	130
1767	442	F14	3	3	*
1768	442	F14	3	4	*
1769	443	F12	3	1	92
1770	443	F12	3	2	196
1771	443	F12	3	3	350
1772	443	F12	3	4	527.3
1773	444	F18	3	1	104
1774	444	F18	3	2	248
1775	444	F18	3	3	380
1776	444	F18	3	4	579.1
1777	445	F01	3	1	88
1778	445	F01	3	2	198
1779	445	F01	3	3	360
1780	445	F01	3	4	536.4
1781	446	F02	3	1	88
1782	446	F02	3	2	193
1783	446	F02	3	3	420
1784	446	F02	3	4	621.8
1785	447	F14	3	1	64
1786	447	F14	3	2	142
1787	447	F14	3	3	230
1788	447	F14	3	4	384
1789	448	F08	3	1	89
1790	448	F08	3	2	208
1791	448	F08	3	3	370
1792	448	F08	3	4	588.3
1793	449	F25	3	1	116
1794	449	F25	3	2	206
1795	449	F25	3	3	375
1796	449	F25	3	4	530.4
1797	450	F20	3	1	90
1798	450	F20	3	2	212
1799	450	F20	3	3	390
1800	450	F20	3	4	585.2
1801	451	F15	3	1	134
1802	451	F15	3	2	223
1803	451	F15	3	3	370
1804	451	F15	3	4	445
1805	452	F23	3	1	62
1806	452	F23	3	2	180
1807	452	F23	3	3	325
1808	452	F23	3	4	487.7
1809	453	F25	3	1	104
1810	453	F25	3	2	208
1811	453	F25	3	3	365
1812	453	F25	3	4	554.7
1813	454	F12	3	1	80
1814	454	F12	3	2	221
1815	454	F12	3	3	350
1816	454	F12	3	4	576.1
1817	455	F16	3	1	89
1818	455	F16	3	2	222
1819	455	F16	3	3	395
1820	455	F16	3	4	624.8
1821	456	F16	3	1	92
1822	456	F16	3	2	194
1823	456	F16	3	3	400
1824	456	F16	3	4	579.1
1825	457	F03	3	1	110
1826	457	F03	3	2	186
1827	457	F03	3	3	360
1828	457	F03	3	4	512.1
1829	458	F10	3	1	100
1830	458	F10	3	2	212
1831	458	F10	3	3	375
1832	458	F10	3	4	557.8
1833	459	F22	3	1	110
1834	459	F22	3	2	182
1835	459	F22	3	3	330
1836	459	F22	3	4	487.7
1837	460	F01	3	1	120
1838	460	F01	3	2	200
1839	460	F01	3	3	330
1840	460	F01	3	4	493.8
1841	461	F16	3	1	81
1842	461	F16	3	2	190
1843	461	F16	3	3	350
1844	461	F16	3	4	506
1845	462	F20	3	1	120
1846	462	F20	3	2	228
1847	462	F20	3	3	360
1848	462	F20	3	4	557.8
1849	463	F15	3	1	104
1850	463	F15	3	2	208
1851	463	F15	3	3	370
1852	463	F15	3	4	576.1
1853	464	F21	3	1	90
1854	464	F21	3	2	244
1855	464	F21	3	3	435
1856	464	F21	3	4	661.4
1857	465	F10	3	1	60
1858	465	F10	3	2	174
1859	465	F10	3	3	350
1860	465	F10	3	4	563.9
1861	466	F13	3	1	74
1862	466	F13	3	2	178
1863	466	F13	3	3	345
1864	466	F13	3	4	499.9
1865	467	F02	3	1	78
1866	467	F02	3	2	214
1867	467	F02	3	3	395
1868	467	F02	3	4	591.3
1869	468	F16	3	1	75
1870	468	F16	3	2	191
1871	468	F16	3	3	370
1872	468	F16	3	4	551.7
1873	469	F13	3	1	49
1874	469	F13	3	2	134
1875	469	F13	3	3	260
1876	469	F13	3	4	429.8
1877	470	F23	3	1	70
1878	470	F23	3	2	165
1879	470	F23	3	3	305
1880	470	F23	3	4	466.3
1881	471	F21	3	1	78
1882	471	F21	3	2	172
1883	471	F21	3	3	320
1884	471	F21	3	4	518.2
1885	472	F21	3	1	80
1886	472	F21	3	2	198
1887	472	F21	3	3	360
1888	472	F21	3	4	570
1889	473	F25	3	1	104
1890	473	F25	3	2	220
1891	473	F25	3	3	420
1892	473	F25	3	4	591.3
1893	474	F08	3	1	69
1894	474	F08	3	2	177
1895	474	F08	3	3	310
1896	474	F08	3	4	469.4
1897	475	F25	3	1	89
1898	475	F25	3	2	162
1899	475	F25	3	3	305
1900	475	F25	3	4	329.2
1901	476	F14	3	1	129
1902	476	F14	3	2	300
1903	476	F14	3	3	500
1904	476	F14	3	4	713.2
1905	477	F21	3	1	82
1906	477	F21	3	2	198
1907	477	F21	3	3	380
1908	477	F21	3	4	524.3
1909	478	F05	3	1	84
1910	478	F05	3	2	218
1911	478	F05	3	3	355
1912	478	F05	3	4	542.5
1913	479	F09	3	1	118
1914	479	F09	3	2	226
1915	479	F09	3	3	375
1916	479	F09	3	4	603.5
1917	480	F24	3	1	128
1918	480	F24	3	2	228
1919	480	F24	3	3	380
1920	480	F24	3	4	588.3
1921	481	F06	3	1	*
1922	481	F06	3	2	*
1923	481	F06	3	3	*
1924	481	F06	3	4	*
1925	482	F24	3	1	88
1926	482	F24	3	2	216
1927	482	F24	3	3	360
1928	482	F24	3	4	521.2
1929	483	F08	3	1	110
1930	483	F08	3	2	212
1931	483	F08	3	3	440
1932	483	F08	3	4	566.9
1933	484	F01	3	1	62
1934	484	F01	3	2	140
1935	484	F01	3	3	225
1936	484	F01	3	4	*
1937	485	F12	3	1	50
1938	485	F12	3	2	137
1939	485	F12	3	3	290
1940	485	F12	3	4	378
1941	486	F24	3	1	95
1942	486	F24	3	2	188
1943	486	F24	3	3	345
1944	486	F24	3	4	521.2
1945	487	F21	3	1	79
1946	487	F21	3	2	172
1947	487	F21	3	3	345
1948	487	F21	3	4	533.4
1949	488	F01	3	1	70
1950	488	F01	3	2	164
1951	488	F01	3	3	270
1952	488	F01	3	4	320
1953	489	F03	3	1	108
1954	489	F03	3	2	192
1955	489	F03	3	3	300
1956	489	F03	3	4	445
1957	490	F16	3	1	68
1958	490	F16	3	2	217
1959	490	F16	3	3	400
1960	490	F16	3	4	570
1961	491	F24	3	1	112
1962	491	F24	3	2	240
1963	491	F24	3	3	390
1964	491	F24	3	4	573
1965	492	F07	3	1	85
1966	492	F07	3	2	158
1967	492	F07	3	3	335
1968	492	F07	3	4	472.4
1969	493	F12	3	1	85
1970	493	F12	3	2	230
1971	493	F12	3	3	400
1972	493	F12	3	4	588.3
1973	494	F24	3	1	90
1974	494	F24	3	2	202
1975	494	F24	3	3	380
1976	494	F24	3	4	582.2
1977	495	F02	3	1	115
1978	495	F02	3	2	226
1979	495	F02	3	3	400
1980	495	F02	3	4	594.4
1981	496	F25	3	1	71
1982	496	F25	3	2	170
1983	496	F25	3	3	330
1984	496	F25	3	4	515.1
1985	497	F07	3	1	68
1986	497	F07	3	2	140
1987	497	F07	3	3	240
1988	497	F07	3	4	393.2
1989	498	F18	3	1	89
1990	498	F18	3	2	178
1991	498	F18	3	3	320
1992	498	F18	3	4	487.7
1993	499	F22	3	1	106
1994	499	F22	3	2	206
1995	499	F22	3	3	370
1996	499	F22	3	4	563.9
1997	500	F21	3	1	60
1998	500	F21	3	2	190
1999	500	F21	3	3	155
2000	500	F21	3	4	*
2001	501	F12	3	1	103
2002	501	F12	3	2	140
2003	501	F12	3	3	140
2004	501	F12	3	4	*
2005	502	F05	3	1	90
2006	502	F05	3	2	226
2007	502	F05	3	3	370
2008	502	F05	3	4	539.5
2009	503	F22	3	1	104
2010	503	F22	3	2	190
2011	503	F22	3	3	340
2012	503	F22	3	4	509
2013	504	F01	3	1	80
2014	504	F01	3	2	192
2015	504	F01	3	3	335
2016	504	F01	3	4	518.2
2017	505	F24	3	1	109
2018	505	F24	3	2	221
2019	505	F24	3	3	365
2020	505	F24	3	4	588.3
2021	506	F13	3	1	67
2022	506	F13	3	2	156
2023	506	F13	3	3	315
2024	506	F13	3	4	432.8
2025	507	F25	3	1	84
2026	507	F25	3	2	197
2027	507	F25	3	3	340
2028	507	F25	3	4	518.2
2029	508	F15	3	1	98
2030	508	F15	3	2	210
2031	508	F15	3	3	380
2032	508	F15	3	4	545.6
2033	509	F13	3	1	85
2034	509	F13	3	2	204
2035	509	F13	3	3	340
2036	509	F13	3	4	527.3
2037	510	F15	3	1	122
2038	510	F15	3	2	232
2039	510	F15	3	3	375
2040	510	F15	3	4	545.6
2041	511	F07	3	1	90
2042	511	F07	3	2	180
2043	511	F07	3	3	330
2044	511	F07	3	4	509
2045	512	F16	3	1	82
2046	512	F16	3	2	178
2047	512	F16	3	3	280
2048	512	F16	3	4	423.7
2049	513	F02	3	1	94
2050	513	F02	3	2	216
2051	513	F02	3	3	390
2052	513	F02	3	4	551.7
2053	514	F01	3	1	85
2054	514	F01	3	2	210
2055	514	F01	3	3	345
2056	514	F01	3	4	539.5
2057	515	F21	3	1	89
2058	515	F21	3	2	180
2059	515	F21	3	3	330
2060	515	F21	3	4	509
2061	516	F21	3	1	80
2062	516	F21	3	2	182
2063	516	F21	3	3	295
2064	516	F21	3	4	487.7
2065	517	F14	3	1	96
2066	517	F14	3	2	228
2067	517	F14	3	3	400
2068	517	F14	3	4	573
2069	518	F16	3	1	60
2070	518	F16	3	2	142
2071	518	F16	3	3	195
2072	518	F16	3	4	216.4
2073	519	F15	3	1	126
2074	519	F15	3	2	221
2075	519	F15	3	3	350
2076	519	F15	3	4	475.5
2077	520	F19	3	1	125
2078	520	F19	3	2	254
2079	520	F19	3	3	390
2080	520	F19	3	4	536.4
2081	521	F09	3	1	74
2082	521	F09	3	2	154
2083	521	F09	3	3	300
2084	521	F09	3	4	451.1
2085	522	F03	3	1	53
2086	522	F03	3	2	178
2087	522	F03	3	3	360
2088	522	F03	3	4	554.7
2089	523	F15	3	1	98
2090	523	F15	3	2	238
2091	523	F15	3	3	410
2092	523	F15	3	4	588.3
2093	524	F03	3	1	92
2094	524	F03	3	2	212
2095	524	F03	3	3	415
2096	524	F03	3	4	573
2097	525	F15	3	1	74
2098	525	F15	3	2	158
2099	525	F15	3	3	270
2100	525	F15	3	4	378
2101	526	F06	3	1	110
2102	526	F06	3	2	230
2103	526	F06	3	3	390
2104	526	F06	3	4	597.4
2105	527	F15	3	1	100
2106	527	F15	3	2	202
2107	527	F15	3	3	*
2108	527	F15	3	4	*
2109	528	F19	3	1	80
2110	528	F19	3	2	144
2111	528	F19	3	3	250
2112	528	F19	3	4	429.8
2113	529	F03	3	1	88
2114	529	F03	3	2	192
2115	529	F03	3	3	320
2116	529	F03	3	4	463.3
2117	530	F14	3	1	110
2118	530	F14	3	2	220
2119	530	F14	3	3	380
2120	530	F14	3	4	533.4
2121	531	F09	3	1	100
2122	531	F09	3	2	214
2123	531	F09	3	3	410
2124	531	F09	3	4	560.8
2125	532	F15	3	1	78
2126	532	F15	3	2	210
2127	532	F15	3	3	365
2128	532	F15	3	4	521.2
2129	533	F04	3	1	80
2130	533	F04	3	2	164
2131	533	F04	3	3	320
2132	533	F04	3	4	475.5
2133	534	F09	3	1	103
2134	534	F09	3	2	208
2135	534	F09	3	3	360
2136	534	F09	3	4	496.8
2137	535	F02	3	1	88
2138	535	F02	3	2	176
2139	535	F02	3	3	340
2140	535	F02	3	4	463.3
2141	536	F19	3	1	92
2142	536	F19	3	2	200
2143	536	F19	3	3	350
2144	536	F19	3	4	554.7
2145	537	F15	3	1	124
2146	537	F15	3	2	223
2147	537	F15	3	3	380
2148	537	F15	3	4	533.4
2149	538	F08	3	1	110
2150	538	F08	3	2	255
2151	538	F08	3	3	430
2152	538	F08	3	4	588.3
2153	539	F05	3	1	92
2154	539	F05	3	2	180
2155	539	F05	3	3	275
2156	539	F05	3	4	362.7
2157	540	F03	3	1	64
2158	540	F03	3	2	170
2159	540	F03	3	3	300
2160	540	F03	3	4	442
2161	541	F15	3	1	93
2162	541	F15	3	2	196
2163	541	F15	3	3	320
2164	541	F15	3	4	429.8
2165	542	F06	3	1	105
2166	542	F06	3	2	188
2167	542	F06	3	3	340
2168	542	F06	3	4	496.8
2169	543	F16	3	1	98
2170	543	F16	3	2	226
2171	543	F16	3	3	400
2172	543	F16	3	4	585.2
2173	544	F17	3	1	88
2174	544	F17	3	2	180
2175	544	F17	3	3	390
2176	544	F17	3	4	594.4
2177	545	F02	3	1	41
2178	545	F02	3	2	152
2179	545	F02	3	3	280
2180	545	F02	3	4	396.2
2181	546	F14	3	1	108
2182	546	F14	3	2	210
2183	546	F14	3	3	360
2184	546	F14	3	4	490.7
2185	547	F09	3	1	94
2186	547	F09	3	2	200
2187	547	F09	3	3	345
2188	547	F09	3	4	490.7
2189	548	F09	3	1	103
2190	548	F09	3	2	182
2191	548	F09	3	3	305
2192	548	F09	3	4	423.7
2193	549	F15	3	1	82
2194	549	F15	3	2	160
2195	549	F15	3	3	*
2196	549	F15	3	4	*
2197	550	F26	3	1	80
2198	550	F26	3	2	194
2199	550	F26	3	3	360
2200	550	F26	3	4	518.2
2201	551	F16	3	1	90
2202	551	F16	3	2	182
2203	551	F16	3	3	335
2204	551	F16	3	4	478.5
2205	552	F17	3	1	109
2206	552	F17	3	2	202
2207	552	F17	3	3	345
2208	552	F17	3	4	496.8
2209	553	F17	3	1	63
2210	553	F17	3	2	164
2211	553	F17	3	3	310
2212	553	F17	3	4	484.6
2213	554	F03	3	1	102
2214	554	F03	3	2	150
2215	554	F03	3	3	280
2216	554	F03	3	4	414.5
2217	555	F15	3	1	110
2218	555	F15	3	2	206
2219	555	F15	3	3	380
2220	555	F15	3	4	573
2221	556	F09	3	1	80
2222	556	F09	3	2	178
2223	556	F09	3	3	320
2224	556	F09	3	4	506
2225	557	F06	3	1	80
2226	557	F06	3	2	178
2227	557	F06	3	3	310
2228	557	F06	3	4	460.2
2229	558	F19	3	1	59
2230	558	F19	3	2	124
2231	558	F19	3	3	250
2232	558	F19	3	4	350.5
2233	559	F11	3	1	80
2234	559	F11	3	2	169
2235	559	F11	3	3	280
2236	559	F11	3	4	390.1
2237	560	F04	3	1	93
2238	560	F04	3	2	186
2239	560	F04	3	3	360
2240	560	F04	3	4	481.6
2241	561	F23	3	1	125
2242	561	F23	3	2	224
2243	561	F23	3	3	390
2244	561	F23	3	4	527.3
2245	562	F04	3	1	85
2246	562	F04	3	2	194
2247	562	F04	3	3	370
2248	562	F04	3	4	515.1
2249	563	F05	3	1	115
2250	563	F05	3	2	190
2251	563	F05	3	3	350
2252	563	F05	3	4	536.4
2253	564	F14	3	1	70
2254	564	F14	3	2	157
2255	564	F14	3	3	310
2256	564	F14	3	4	454.2
2257	565	F15	3	1	90
2258	565	F15	3	2	190
2259	565	F15	3	3	280
2260	565	F15	3	4	387.1
2261	566	F19	3	1	90
2262	566	F19	3	2	192
2263	566	F19	3	3	350
2264	566	F19	3	4	475.5
2265	567	F08	3	1	131
2266	567	F08	3	2	242
2267	567	F08	3	3	370
2268	567	F08	3	4	502.9
2269	568	F25	3	1	88
2270	568	F25	3	2	198
2271	568	F25	3	3	370
2272	568	F25	3	4	533.4
2273	569	F03	3	1	117
2274	569	F03	3	2	216
2275	569	F03	3	3	350
2276	569	F03	3	4	518.2
2277	570	F06	3	1	121
2278	570	F06	3	2	224
2279	570	F06	3	3	350
2280	570	F06	3	4	533.4
2281	571	F15	3	1	112
2282	571	F15	3	2	212
2283	571	F15	3	3	360
2284	571	F15	3	4	509
2285	572	F19	3	1	74
2286	572	F19	3	2	176
2287	572	F19	3	3	300
2288	572	F19	3	4	460.2
2289	573	F03	3	1	150
2290	573	F03	3	2	244
2291	573	F03	3	3	385
2292	573	F03	3	4	566.9
2293	574	F19	3	1	134
2294	574	F19	3	2	228
2295	574	F19	3	3	400
2296	574	F19	3	4	576.1
2297	575	F05	3	1	66
2298	575	F05	3	2	184
2299	575	F05	3	3	300
2300	575	F05	3	4	387.1
2301	576	F06	3	1	100
2302	576	F06	3	2	262
2303	576	F06	3	3	380
2304	576	F06	3	4	490.7
2305	577	F16	3	1	129
2306	577	F16	3	2	219
2307	577	F16	3	3	340
2308	577	F16	3	4	442
2309	578	F11	3	1	131
2310	578	F11	3	2	260
2311	578	F11	3	3	430
2312	578	F11	3	4	560.8
2313	579	F04	3	1	116
2314	579	F04	3	2	200
2315	579	F04	3	3	345
2316	579	F04	3	4	533.4
2317	580	F17	3	1	88
2318	580	F17	3	2	220
2319	580	F17	3	3	360
2320	580	F17	3	4	533.4
2321	581	F05	3	1	59
2322	581	F05	3	2	210
2323	581	F05	3	3	350
2324	581	F05	3	4	509
2325	582	F25	3	1	94
2326	582	F25	3	2	180
2327	582	F25	3	3	330
2328	582	F25	3	4	493.8
2329	583	F04	3	1	108
2330	583	F04	3	2	223
2331	583	F04	3	3	420
2332	583	F04	3	4	585.2
2333	584	F08	3	1	86
2334	584	F08	3	2	236
2335	584	F08	3	3	410
2336	584	F08	3	4	563.9
2337	585	F26	3	1	64
2338	585	F26	3	2	158
2339	585	F26	3	3	290
2340	585	F26	3	4	442
2341	586	F19	3	1	132
2342	586	F19	3	2	272
2343	586	F19	3	3	440
2344	586	F19	3	4	634
2345	587	F09	3	1	103
2346	587	F09	3	2	224
2347	587	F09	3	3	400
2348	587	F09	3	4	627.9
2349	588	F26	3	1	106
2350	588	F26	3	2	242
2351	588	F26	3	3	450
2352	588	F26	3	4	594.4
2353	589	F19	3	1	91
2354	589	F19	3	2	172
2355	589	F19	3	3	*
2356	589	F19	3	4	*
2357	590	F03	3	1	114
2358	590	F03	3	2	200
2359	590	F03	3	3	370
2360	590	F03	3	4	518.2
2361	591	F18	3	1	97
2362	591	F18	3	2	206
2363	591	F18	3	3	370
2364	591	F18	3	4	594.4
2365	592	F05	3	1	53
2366	592	F05	3	2	170
2367	592	F05	3	3	310
2368	592	F05	3	4	442
2369	593	F03	3	1	117
2370	593	F03	3	2	263
2371	593	F03	3	3	370
2372	593	F03	3	4	554.7
2373	594	F05	3	1	*
2374	594	F05	3	2	*
2375	594	F05	3	3	*
2376	594	F05	3	4	*
2377	595	F16	3	1	119
2378	595	F16	3	2	210
2379	595	F16	3	3	*
2380	595	F16	3	4	*
2381	596	F19	3	1	91
2382	596	F19	3	2	208
2383	596	F19	3	3	290
2384	596	F19	3	4	542.5
2385	597	F02	3	1	117
2386	597	F02	3	2	281
2387	597	F02	3	3	410
2388	597	F02	3	4	627.9
2389	598	F23	3	1	142
2390	598	F23	3	2	268
2391	598	F23	3	3	460
2392	598	F23	3	4	649.2
2393	599	F16	3	1	100
2394	599	F16	3	2	202
2395	599	F16	3	3	355
2396	599	F16	3	4	481.6
2397	600	F23	3	1	92
2398	600	F23	3	2	248
2399	600	F23	3	3	360
2400	600	F23	3	4	493.8
2401	601	F09	3	1	96
2402	601	F09	3	2	198
2403	601	F09	3	3	380
2404	601	F09	3	4	530.4
2405	602	F03	3	1	86
2406	602	F03	3	2	184
2407	602	F03	3	3	310
2408	602	F03	3	4	487.7
2409	603	F16	3	1	84
2410	603	F16	3	2	190
2411	603	F16	3	3	350
2412	603	F16	3	4	518.2
2413	604	F16	3	1	91
2414	604	F16	3	2	202
2415	604	F16	3	3	320
2416	604	F16	3	4	463.3
2417	605	F06	3	1	70
2418	605	F06	3	2	174
2419	605	F06	3	3	310
2420	605	F06	3	4	454.2
2421	606	F04	3	1	81
2422	606	F04	3	2	184
2423	606	F04	3	3	320
2424	606	F04	3	4	432.8
2425	607	F06	3	1	95
2426	607	F06	3	2	232
2427	607	F06	3	3	380
2428	607	F06	3	4	576.1
2429	608	F11	3	1	111
2430	608	F11	3	2	257
2431	608	F11	3	3	380
2432	608	F11	3	4	588.3
2433	609	F01	3	1	108
2434	609	F01	3	2	236
2435	609	F01	3	3	420
2436	609	F01	3	4	640.1
2437	610	F03	3	1	93
2438	610	F03	3	2	188
2439	610	F03	3	3	360
2440	610	F03	3	4	475.5
2441	611	F11	3	1	110
2442	611	F11	3	2	265
2443	611	F11	3	3	410
2444	611	F11	3	4	545.6
2445	612	F06	3	1	70
2446	612	F06	3	2	172
2447	612	F06	3	3	235
2448	612	F06	3	4	283.5
2449	613	F09	3	1	98
2450	613	F09	3	2	196
2451	613	F09	3	3	345
2452	613	F09	3	4	493.8
2453	614	F19	3	1	80
2454	614	F19	3	2	190
2455	614	F19	3	3	340
2456	614	F19	3	4	426.7
2457	615	F04	3	1	69
2458	615	F04	3	2	160
2459	615	F04	3	3	330
2460	615	F04	3	4	478.5
2461	616	F15	3	1	74
2462	616	F15	3	2	162
2463	616	F15	3	3	*
2464	616	F15	3	4	*
2465	617	F26	3	1	83
2466	617	F26	3	2	198
2467	617	F26	3	3	385
2468	617	F26	3	4	594.4
2469	618	F04	3	1	122
2470	618	F04	3	2	242
2471	618	F04	3	3	380
2472	618	F04	3	4	563.9
2473	619	F09	4	1	115
2474	619	F09	4	2	214
2475	619	F09	4	3	400
2476	619	F09	4	4	515.1
2477	620	F05	4	1	92
2478	620	F05	4	2	212
2479	620	F05	4	3	350
2480	620	F05	4	4	490.7
2481	621	F06	4	1	91
2482	621	F06	4	2	180
2483	621	F06	4	3	320
2484	621	F06	4	4	472.4
2485	622	F06	4	1	125
2486	622	F06	4	2	251
2487	622	F06	4	3	400
2488	622	F06	4	4	576.1
2489	623	F19	4	1	64
2490	623	F19	4	2	156
2491	623	F19	4	3	330
2492	623	F19	4	4	472.4
2493	624	F03	4	1	94
2494	624	F03	4	2	192
2495	624	F03	4	3	370
2496	624	F03	4	4	518.2
2497	625	F05	4	1	78
2498	625	F05	4	2	196
2499	625	F05	4	3	320
2500	625	F05	4	4	466.3
2501	626	F17	4	1	80
2502	626	F17	4	2	200
2503	626	F17	4	3	385
2504	626	F17	4	4	554.7
2505	627	F04	4	1	90
2506	627	F04	4	2	162
2507	627	F04	4	3	300
2508	627	F04	4	4	466.3
2509	628	F19	4	1	116
2510	628	F19	4	2	250
2511	628	F19	4	3	390
2512	628	F19	4	4	524.3
2513	629	F08	4	1	80
2514	629	F08	4	2	194
2515	629	F08	4	3	310
2516	629	F08	4	4	484.6
2517	630	F09	4	1	76
2518	630	F09	4	2	188
2519	630	F09	4	3	360
2520	630	F09	4	4	518.2
2521	631	F09	4	1	55
2522	631	F09	4	2	156
2523	631	F09	4	3	230
2524	631	F09	4	4	292.6
2525	632	F16	4	1	107
2526	632	F16	4	2	260
2527	632	F16	4	3	450
2528	632	F16	4	4	612.6
2529	633	F01	4	1	131
2530	633	F01	4	2	270
2531	633	F01	4	3	430
2532	633	F01	4	4	627.9
2533	634	F14	4	1	117
2534	634	F14	4	2	181
2535	634	F14	4	3	340
2536	634	F14	4	4	487.7
2537	635	F09	4	1	100
2538	635	F09	4	2	184
2539	635	F09	4	3	370
2540	635	F09	4	4	542.5
2541	636	F09	4	1	70
2542	636	F09	4	2	198
2543	636	F09	4	3	380
2544	636	F09	4	4	542.5
2545	637	F04	4	1	98
2546	637	F04	4	2	196
2547	637	F04	4	3	340
2548	637	F04	4	4	493.8
2549	638	F06	4	1	92
2550	638	F06	4	2	200
2551	638	F06	4	3	360
2552	638	F06	4	4	518.2
2553	639	F26	4	1	92
2554	639	F26	4	2	210
2555	639	F26	4	3	360
2556	639	F26	4	4	521.2
2557	640	F15	4	1	84
2558	640	F15	4	2	202
2559	640	F15	4	3	265
2560	640	F15	4	4	469.4
2561	641	F15	4	1	117
2562	641	F15	4	2	235
2563	641	F15	4	3	330
2564	641	F15	4	4	438.9
2565	642	F15	4	1	118
2566	642	F15	4	2	218
2567	642	F15	4	3	350
2568	642	F15	4	4	530.4
2569	643	F16	4	1	94
2570	643	F16	4	2	182
2571	643	F16	4	3	280
2572	643	F16	4	4	408.4
2573	644	F15	4	1	110
2574	644	F15	4	2	240
2575	644	F15	4	3	300
2576	644	F15	4	4	417.6
2577	645	F11	4	1	114
2578	645	F11	4	2	210
2579	645	F11	4	3	370
2580	645	F11	4	4	551.7
2581	646	F15	4	1	95
2582	646	F15	4	2	240
2583	646	F15	4	3	370
2584	646	F15	4	4	524.3
2585	647	F06	4	1	116
2586	647	F06	4	2	234
2587	647	F06	4	3	365
2588	647	F06	4	4	566.9
2589	648	F06	4	1	110
2590	648	F06	4	2	224
2591	648	F06	4	3	420
2592	648	F06	4	4	615.7
2593	649	F11	4	1	88
2594	649	F11	4	2	202
2595	649	F11	4	3	370
2596	649	F11	4	4	573
2597	650	F03	4	1	100
2598	650	F03	4	2	184
2599	650	F03	4	3	320
2600	650	F03	4	4	530.4
2601	651	F16	4	1	95
2602	651	F16	4	2	210
2603	651	F16	4	3	380
2604	651	F16	4	4	557.8
2605	652	F04	4	1	103
2606	652	F04	4	2	200
2607	652	F04	4	3	390
2608	652	F04	4	4	551.7
2609	653	F15	4	1	112
2610	653	F15	4	2	244
2611	653	F15	4	3	415
2612	653	F15	4	4	570
2613	654	F19	4	1	118
2614	654	F19	4	2	254
2615	654	F19	4	3	410
2616	654	F19	4	4	563.9
2617	655	F03	4	1	96
2618	655	F03	4	2	249
2619	655	F03	4	3	420
2620	655	F03	4	4	566.9
2621	656	F02	4	1	124
2622	656	F02	4	2	260
2623	656	F02	4	3	425
2624	656	F02	4	4	600.5
2625	657	F17	4	1	79
2626	657	F17	4	2	192
2627	657	F17	4	3	380
2628	657	F17	4	4	554.7
2629	658	F15	4	1	100
2630	658	F15	4	2	172
2631	658	F15	4	3	295
2632	658	F15	4	4	451.1
2633	659	F04	4	1	92
2634	659	F04	4	2	238
2635	659	F04	4	3	380
2636	659	F04	4	4	560.8
2637	660	F15	4	1	84
2638	660	F15	4	2	166
2639	660	F15	4	3	310
2640	660	F15	4	4	463.3
2641	661	F19	4	1	83
2642	661	F19	4	2	200
2643	661	F19	4	3	*
2644	661	F19	4	4	*
2645	662	F16	4	1	106
2646	662	F16	4	2	200
2647	662	F16	4	3	340
2648	662	F16	4	4	487.7
2649	663	F19	4	1	96
2650	663	F19	4	2	138
2651	663	F19	4	3	220
2652	663	F19	4	4	353.6
2653	664	F02	4	1	80
2654	664	F02	4	2	204
2655	664	F02	4	3	350
2656	664	F02	4	4	545.6
2657	665	F05	4	1	92
2658	665	F05	4	2	208
2659	665	F05	4	3	360
2660	665	F05	4	4	515.1
2661	666	F04	4	1	95
2662	666	F04	4	2	239
2663	666	F04	4	3	400
2664	666	F04	4	4	560.8
2665	667	F26	4	1	100
2666	667	F26	4	2	216
2667	667	F26	4	3	385
2668	667	F26	4	4	530.4
2669	668	F11	4	1	122
2670	668	F11	4	2	233
2671	668	F11	4	3	410
2672	668	F11	4	4	566.9
2673	669	F15	4	1	84
2674	669	F15	4	2	224
2675	669	F15	4	3	365
2676	669	F15	4	4	484.6
2677	670	F14	4	1	130
2678	670	F14	4	2	312
2679	670	F14	4	3	445
2680	670	F14	4	4	649.2
2681	671	F19	4	1	89
2682	671	F19	4	2	232
2683	671	F19	4	3	420
2684	671	F19	4	4	551.7
2685	672	F05	4	1	78
2686	672	F05	4	2	192
2687	672	F05	4	3	380
2688	672	F05	4	4	542.5
2689	673	F08	4	1	106
2690	673	F08	4	2	236
2691	673	F08	4	3	375
2692	673	F08	4	4	594.4
2693	674	F03	4	1	130
2694	674	F03	4	2	233
2695	674	F03	4	3	380
2696	674	F03	4	4	582.2
2697	675	F15	4	1	92
2698	675	F15	4	2	208
2699	675	F15	4	3	300
2700	675	F15	4	4	502.9
2701	676	F04	4	1	80
2702	676	F04	4	2	226
2703	676	F04	4	3	370
2704	676	F04	4	4	582.2
2705	677	F15	4	1	81
2706	677	F15	4	2	166
2707	677	F15	4	3	230
2708	677	F15	4	4	344.4
2709	678	F04	4	1	112
2710	678	F04	4	2	253
2711	678	F04	4	3	420
2712	678	F04	4	4	624.8
2713	679	F12	4	1	50
2714	679	F12	4	2	236
2715	679	F12	4	3	400
2716	679	F12	4	4	576.1
2717	680	F04	4	1	109
2718	680	F04	4	2	194
2719	680	F04	4	3	400
2720	680	F04	4	4	585.2
2721	681	F03	4	1	60
2722	681	F03	4	2	178
2723	681	F03	4	3	350
2724	681	F03	4	4	542.5
2725	682	F03	4	1	112
2726	682	F03	4	2	222
2727	682	F03	4	3	400
2728	682	F03	4	4	570
2729	683	F03	4	1	120
2730	683	F03	4	2	250
2731	683	F03	4	3	400
2732	683	F03	4	4	618.7
2733	684	F16	4	1	94
2734	684	F16	4	2	184
2735	684	F16	4	3	330
2736	684	F16	4	4	478.5
2737	685	F25	4	1	64
2738	685	F25	4	2	168
2739	685	F25	4	3	300
2740	685	F25	4	4	399.3
2741	686	F23	4	1	110
2742	686	F23	4	2	226
2743	686	F23	4	3	390
2744	686	F23	4	4	533.4
2745	687	F09	4	1	88
2746	687	F09	4	2	182
2747	687	F09	4	3	350
2748	687	F09	4	4	472.4
2749	688	F19	4	1	100
2750	688	F19	4	2	244
2751	688	F19	4	3	360
2752	688	F19	4	4	545.6
2753	689	F18	4	1	110
2754	689	F18	4	2	171
2755	689	F18	4	3	340
2756	689	F18	4	4	512.1
2757	690	F02	4	1	80
2758	690	F02	4	2	210
2759	690	F02	4	3	410
2760	690	F02	4	4	600.5
2761	691	F05	4	1	60
2762	691	F05	4	2	168
2763	691	F05	4	3	250
2764	691	F05	4	4	*
2765	692	F08	4	1	122
2766	692	F08	4	2	274
2767	692	F08	4	3	420
2768	692	F08	4	4	612.6
2769	693	F19	4	1	103
2770	693	F19	4	2	234
2771	693	F19	4	3	400
2772	693	F19	4	4	603.5
2773	694	F19	4	1	89
2774	694	F19	4	2	198
2775	694	F19	4	3	380
2776	694	F19	4	4	530.4
2777	695	F06	4	1	80
2778	695	F06	4	2	202
2779	695	F06	4	3	400
2780	695	F06	4	4	545.6
2781	696	F19	4	1	80
2782	696	F19	4	2	212
2783	696	F19	4	3	410
2784	696	F19	4	4	533.4
2785	697	F09	4	1	112
2786	697	F09	4	2	232
2787	697	F09	4	3	140
2788	697	F09	4	4	179.8
2789	698	F06	4	1	88
2790	698	F06	4	2	190
2791	698	F06	4	3	360
2792	698	F06	4	4	539.5
2793	699	F23	4	1	104
2794	699	F23	4	2	252
2795	699	F23	4	3	390
2796	699	F23	4	4	539.5
2797	700	F19	4	1	80
2798	700	F19	4	2	221
2799	700	F19	4	3	400
2800	700	F19	4	4	533.4
2801	701	F23	4	1	99
2802	701	F23	4	2	245
2803	701	F23	4	3	385
2804	701	F23	4	4	582.2
2805	702	F05	4	1	78
2806	702	F05	4	2	152
2807	702	F05	4	3	255
2808	702	F05	4	4	378
2809	703	F25	4	1	76
2810	703	F25	4	2	172
2811	703	F25	4	3	290
2812	703	F25	4	4	405.4
2813	704	F03	4	1	106
2814	704	F03	4	2	241
2815	704	F03	4	3	415
2816	704	F03	4	4	576.1
2817	705	F03	4	1	110
2818	705	F03	4	2	212
2819	705	F03	4	3	370
2820	705	F03	4	4	512.1
2821	706	F16	4	1	80
2822	706	F16	4	2	198
2823	706	F16	4	3	370
2824	706	F16	4	4	536.4
2825	707	F15	4	1	*
2826	707	F15	4	2	*
2827	707	F15	4	3	*
2828	707	F15	4	4	*
2829	708	F03	4	1	106
2830	708	F03	4	2	248
2831	708	F03	4	3	430
2832	708	F03	4	4	621.8
2833	709	F17	4	1	85
2834	709	F17	4	2	210
2835	709	F17	4	3	400
2836	709	F17	4	4	560.8
2837	710	F09	4	1	90
2838	710	F09	4	2	210
2839	710	F09	4	3	370
2840	710	F09	4	4	545.6
2841	711	F26	4	1	103
2842	711	F26	4	2	206
2843	711	F26	4	3	400
2844	711	F26	4	4	576.1
2845	712	F14	4	1	128
2846	712	F14	4	2	246
2847	712	F14	4	3	430
2848	712	F14	4	4	603.5
2849	713	F03	4	1	84
2850	713	F03	4	2	196
2851	713	F03	4	3	340
2852	713	F03	4	4	490.7
2853	714	F16	4	1	90
2854	714	F16	4	2	230
2855	714	F16	4	3	410
2856	714	F16	4	4	585.2
2857	715	F14	4	1	124
2858	715	F14	4	2	234
2859	715	F14	4	3	360
2860	715	F14	4	4	460.2
2861	716	F09	4	1	90
2862	716	F09	4	2	164
2863	716	F09	4	3	230
2864	716	F09	4	4	301.8
2865	717	F17	4	1	113
2866	717	F17	4	2	194
2867	717	F17	4	3	370
2868	717	F17	4	4	515.1
2869	718	F06	4	1	86
2870	718	F06	4	2	214
2871	718	F06	4	3	390
2872	718	F06	4	4	566.9
2873	719	F11	4	1	118
2874	719	F11	4	2	274
2875	719	F11	4	3	435
2876	719	F11	4	4	618.7
2877	720	F26	4	1	118
2878	720	F26	4	2	258
2879	720	F26	4	3	430
2880	720	F26	4	4	627.9
2881	721	F05	4	1	70
2882	721	F05	4	2	170
2883	721	F05	4	3	330
2884	721	F05	4	4	512.1
2885	722	F18	4	1	120
2886	722	F18	4	2	232
2887	722	F18	4	3	390
2888	722	F18	4	4	551.7
2889	723	F01	4	1	82
2890	723	F01	4	2	168
2891	723	F01	4	3	320
2892	723	F01	4	4	472.4
2893	724	F09	4	1	54
2894	724	F09	4	2	166
2895	724	F09	4	3	280
2896	724	F09	4	4	384
2897	725	F05	4	1	78
2898	725	F05	4	2	190
2899	725	F05	4	3	325
2900	725	F05	4	4	432.8
2901	726	F21	4	1	*
2902	726	F21	4	2	*
2903	726	F21	4	3	*
2904	726	F21	4	4	*
2905	727	F14	4	1	86
2906	727	F14	4	2	234
2907	727	F14	4	3	*
2908	727	F14	4	4	*
2909	728	F07	4	1	78
2910	728	F07	4	2	120
2911	728	F07	4	3	220
2912	728	F07	4	4	283.5
2913	729	F12	4	1	108
2914	729	F12	4	2	220
2915	729	F12	4	3	390
2916	729	F12	4	4	539.5
2917	730	F08	4	1	108
2918	730	F08	4	2	240
2919	730	F08	4	3	395
2920	730	F08	4	4	518.2
2921	731	F24	4	1	140
2922	731	F24	4	2	292
2923	731	F24	4	3	360
2924	731	F24	4	4	688.8
2925	732	F14	4	1	156
2926	732	F14	4	2	292
2927	732	F14	4	3	430
2928	732	F14	4	4	600.5
2929	733	F23	4	1	72
2930	733	F23	4	2	178
2931	733	F23	4	3	290
2932	733	F23	4	4	384
2933	734	F21	4	1	103
2934	734	F21	4	2	250
2935	734	F21	4	3	380
2936	734	F21	4	4	490.7
2937	735	F08	4	1	90
2938	735	F08	4	2	188
2939	735	F08	4	3	295
2940	735	F08	4	4	335.3
2941	736	F10	4	1	88
2942	736	F10	4	2	191
2943	736	F10	4	3	330
2944	736	F10	4	4	496.8
2945	737	F13	4	1	79
2946	737	F13	4	2	174
2947	737	F13	4	3	290
2948	737	F13	4	4	420.6
2949	738	F04	4	1	*
2950	738	F04	4	2	*
2951	738	F04	4	3	*
2952	738	F04	4	4	*
2953	739	F01	4	1	114
2954	739	F01	4	2	234
2955	739	F01	4	3	380
2956	739	F01	4	4	588.3
2957	740	F01	4	1	102
2958	740	F01	4	2	216
2959	740	F01	4	3	370
2960	740	F01	4	4	509
2961	741	F05	4	1	60
2962	741	F05	4	2	194
2963	741	F05	4	3	345
2964	741	F05	4	4	484.6
2965	742	F01	4	1	138
2966	742	F01	4	2	302
2967	742	F01	4	3	435
2968	742	F01	4	4	621.8
2969	743	F03	4	1	126
2970	743	F03	4	2	238
2971	743	F03	4	3	380
2972	743	F03	4	4	551.7
2973	744	F10	4	1	70
2974	744	F10	4	2	216
2975	744	F10	4	3	360
2976	744	F10	4	4	524.3
2977	745	F09	4	1	110
2978	745	F09	4	2	234
2979	745	F09	4	3	390
2980	745	F09	4	4	557.8
2981	746	F13	4	1	84
2982	746	F13	4	2	212
2983	746	F13	4	3	360
2984	746	F13	4	4	472.4
2985	747	F03	4	1	99
2986	747	F03	4	2	192
2987	747	F03	4	3	330
2988	747	F03	4	4	472.4
2989	748	F03	4	1	90
2990	748	F03	4	2	188
2991	748	F03	4	3	340
2992	748	F03	4	4	484.6
2993	749	F12	4	1	138
2994	749	F12	4	2	322
2995	749	F12	4	3	425
2996	749	F12	4	4	560.8
2997	750	F25	4	1	52
2998	750	F25	4	2	158
2999	750	F25	4	3	320
3000	750	F25	4	4	481.6
3001	751	F16	4	1	102
3002	751	F16	4	2	228
3003	751	F16	4	3	360
3004	751	F16	4	4	530.4
3005	752	F22	4	1	82
3006	752	F22	4	2	208
3007	752	F22	4	3	405
3008	752	F22	4	4	545.6
3009	753	F18	4	1	112
3010	753	F18	4	2	274
3011	753	F18	4	3	425
3012	753	F18	4	4	585.2
3013	754	F02	4	1	74
3014	754	F02	4	2	108
3015	754	F02	4	3	180
3016	754	F02	4	4	256
3017	755	F21	4	1	90
3018	755	F21	4	2	202
3019	755	F21	4	3	350
3020	755	F21	4	4	420.6
3021	756	F07	4	1	114
3022	756	F07	4	2	268
3023	756	F07	4	3	450
3024	756	F07	4	4	630.9
3025	757	F05	4	1	80
3026	757	F05	4	2	239
3027	757	F05	4	3	390
3028	757	F05	4	4	588.3
3029	758	F25	4	1	134
3030	758	F25	4	2	257
3031	758	F25	4	3	430
3032	758	F25	4	4	512.1
3033	759	F21	4	1	98
3034	759	F21	4	2	216
3035	759	F21	4	3	330
3036	759	F21	4	4	463.3
3037	760	F25	4	1	106
3038	760	F25	4	2	236
3039	760	F25	4	3	390
3040	760	F25	4	4	542.5
3041	761	F14	4	1	98
3042	761	F14	4	2	208
3043	761	F14	4	3	380
3044	761	F14	4	4	554.7
3045	762	F01	4	1	64
3046	762	F01	4	2	187
3047	762	F01	4	3	330
3048	762	F01	4	4	472.4
3049	763	F01	4	1	120
3050	763	F01	4	2	278
3051	763	F01	4	3	460
3052	763	F01	4	4	637
3053	764	F15	4	1	125
3054	764	F15	4	2	322
3055	764	F15	4	3	*
3056	764	F15	4	4	*
3057	765	F08	4	1	92
3058	765	F08	4	2	222
3059	765	F08	4	3	210
3060	765	F08	4	4	292.6
3061	766	F13	4	1	137
3062	766	F13	4	2	220
3063	766	F13	4	3	400
3064	766	F13	4	4	527.3
3065	767	F15	4	1	90
3066	767	F15	4	2	242
3067	767	F15	4	3	360
3068	767	F15	4	4	563.9
3069	768	F22	4	1	122
3070	768	F22	4	2	242
3071	768	F22	4	3	440
3072	768	F22	4	4	609.6
3073	769	F24	4	1	139
3074	769	F24	4	2	248
3075	769	F24	4	3	420
3076	769	F24	4	4	618.7
3077	770	F23	4	1	116
3078	770	F23	4	2	234
3079	770	F23	4	3	440
3080	770	F23	4	4	573
3081	771	F24	4	1	132
3082	771	F24	4	2	242
3083	771	F24	4	3	405
3084	771	F24	4	4	521.2
3085	772	F16	4	1	104
3086	772	F16	4	2	176
3087	772	F16	4	3	305
3088	772	F16	4	4	472.4
3089	773	F21	4	1	100
3090	773	F21	4	2	240
3091	773	F21	4	3	430
3092	773	F21	4	4	585.2
3093	774	F16	4	1	84
3094	774	F16	4	2	202
3095	774	F16	4	3	330
3096	774	F16	4	4	487.7
3097	775	F25	4	1	109
3098	775	F25	4	2	178
3099	775	F25	4	3	320
3100	775	F25	4	4	432.8
3101	776	F14	4	1	88
3102	776	F14	4	2	202
3103	776	F14	4	3	340
3104	776	F14	4	4	512.1
3105	777	F20	4	1	62
3106	777	F20	4	2	140
3107	777	F20	4	3	285
3108	777	F20	4	4	399.3
3109	778	F02	4	1	103
3110	778	F02	4	2	234
3111	778	F02	4	3	360
3112	778	F02	4	4	548.6
3113	779	F24	4	1	156
3114	779	F24	4	2	251
3115	779	F24	4	3	430
3116	779	F24	4	4	664.5
3117	780	F06	4	1	83
3118	780	F06	4	2	254
3119	780	F06	4	3	415
3120	780	F06	4	4	615.7
3121	781	F21	4	1	128
3122	781	F21	4	2	246
3123	781	F21	4	3	345
3124	781	F21	4	4	524.3
3125	782	F21	4	1	112
3126	782	F21	4	2	288
3127	782	F21	4	3	430
3128	782	F21	4	4	615.7
3129	783	F25	4	1	126
3130	783	F25	4	2	251
3131	783	F25	4	3	440
3132	783	F25	4	4	570
3133	784	F03	4	1	124
3134	784	F03	4	2	226
3135	784	F03	4	3	140
3136	784	F03	4	4	*
3137	785	F15	4	1	142
3138	785	F15	4	2	310
3139	785	F15	4	3	485
3140	785	F15	4	4	673.6
3141	786	F10	4	1	78
3142	786	F10	4	2	228
3143	786	F10	4	3	405
3144	786	F10	4	4	573
3145	787	F12	4	1	100
3146	787	F12	4	2	236
3147	787	F12	4	3	410
3148	787	F12	4	4	579.1
3149	788	F19	4	1	130
3150	788	F19	4	2	286
3151	788	F19	4	3	450
3152	788	F19	4	4	637
3153	789	F16	4	1	84
3154	789	F16	4	2	216
3155	789	F16	4	3	370
3156	789	F16	4	4	539.5
3157	790	F02	4	1	92
3158	790	F02	4	2	234
3159	790	F02	4	3	370
3160	790	F02	4	4	585.2
3161	791	F01	4	1	145
3162	791	F01	4	2	256
3163	791	F01	4	3	380
3164	791	F01	4	4	530.4
3165	792	F24	4	1	124
3166	792	F24	4	2	292
3167	792	F24	4	3	450
3168	792	F24	4	4	643.1
3169	793	F02	4	1	124
3170	793	F02	4	2	259
3171	793	F02	4	3	425
3172	793	F02	4	4	585.2
3173	794	F20	4	1	98
3174	794	F20	4	2	254
3175	794	F20	4	3	415
3176	794	F20	4	4	643.1
3177	795	F12	4	1	132
3178	795	F12	4	2	234
3179	795	F12	4	3	420
3180	795	F12	4	4	603.5
3181	796	F08	4	1	*
3182	796	F08	4	2	*
3183	796	F08	4	3	*
3184	796	F08	4	4	*
3185	797	F21	4	1	129
3186	797	F21	4	2	229
3187	797	F21	4	3	195
3188	797	F21	4	4	237.7
3189	798	F10	4	1	80
3190	798	F10	4	2	202
3191	798	F10	4	3	350
3192	798	F10	4	4	484.6
3193	799	F25	4	1	90
3194	799	F25	4	2	221
3195	799	F25	4	3	330
3196	799	F25	4	4	481.6
3197	800	F02	4	1	94
3198	800	F02	4	2	245
3199	800	F02	4	3	430
3200	800	F02	4	4	679.7
3201	801	F07	4	1	126
3202	801	F07	4	2	236
3203	801	F07	4	3	410
3204	801	F07	4	4	588.3
3205	802	F15	4	1	129
3206	802	F15	4	2	180
3207	802	F15	4	3	250
3208	802	F15	4	4	*
3209	803	F22	4	1	100
3210	803	F22	4	2	212
3211	803	F22	4	3	395
3212	803	F22	4	4	594.4
3213	804	F07	4	1	104
3214	804	F07	4	2	241
3215	804	F07	4	3	430
3216	804	F07	4	4	597.4
3217	805	F22	4	1	110
3218	805	F22	4	2	242
3219	805	F22	4	3	390
3220	805	F22	4	4	606.6
3221	806	F15	4	1	170
3222	806	F15	4	2	306
3223	806	F15	4	3	440
3224	806	F15	4	4	566.9
3225	807	F24	4	1	120
3226	807	F24	4	2	245
3227	807	F24	4	3	410
3228	807	F24	4	4	624.8
3229	808	F24	4	1	124
3230	808	F24	4	2	224
3231	808	F24	4	3	375
3232	808	F24	4	4	560.8
3233	809	F25	4	1	96
3234	809	F25	4	2	194
3235	809	F25	4	3	350
3236	809	F25	4	4	478.5
3237	810	F21	4	1	80
3238	810	F21	4	2	196
3239	810	F21	4	3	360
3240	810	F21	4	4	527.3
3241	811	F25	4	1	95
3242	811	F25	4	2	202
3243	811	F25	4	3	340
3244	811	F25	4	4	484.6
3245	812	F02	4	1	116
3246	812	F02	4	2	244
3247	812	F02	4	3	420
3248	812	F02	4	4	609.6
3249	813	F16	4	1	80
3250	813	F16	4	2	198
3251	813	F16	4	3	315
3252	813	F16	4	4	454.2
3253	814	F12	4	1	120
3254	814	F12	4	2	220
3255	814	F12	4	3	230
3256	814	F12	4	4	*
3257	815	F20	4	1	84
3258	815	F20	4	2	224
3259	815	F20	4	3	320
3260	815	F20	4	4	481.6
3261	816	F16	4	1	93
3262	816	F16	4	2	204
3263	816	F16	4	3	220
3264	816	F16	4	4	*
3265	817	F24	4	1	106
3266	817	F24	4	2	240
3267	817	F24	4	3	375
3268	817	F24	4	4	594.4
3269	818	F15	4	1	68
3270	818	F15	4	2	*
3271	818	F15	4	3	*
3272	818	F15	4	4	*
3273	819	F12	4	1	60
3274	819	F12	4	2	162
3275	819	F12	4	3	245
3276	819	F12	4	4	402.3
3277	820	F16	4	1	66
3278	820	F16	4	2	152
3279	820	F16	4	3	240
3280	820	F16	4	4	381
3281	821	F12	4	1	119
3282	821	F12	4	2	234
3283	821	F12	4	3	340
3284	821	F12	4	4	521.2
3285	822	F12	4	1	65
3286	822	F12	4	2	202
3287	822	F12	4	3	365
3288	822	F12	4	4	566.9
3289	823	F21	4	1	80
3290	823	F21	4	2	176
3291	823	F21	4	3	340
3292	823	F21	4	4	502.9
3293	824	F13	4	1	89
3294	824	F13	4	2	174
3295	824	F13	4	3	320
3296	824	F13	4	4	460.2