IDSORT	Site	Female	Block	HT8	DBH8
1	FE	37	1	NA	NA
2	FE	29	1	33.7	5.9
3	FE	12	1	NA	NA
4	FE	3	1	NA	NA
5	FE	40	1	NA	NA
6	FE	35	1	33.7	5.4
7	FE	15	1	35.5	6
8	FE	5	1	34.7	6.3
9	FE	30	1	34	6.4
10	FE	46	1	NA	NA
11	FE	34	1	36	6.6
12	FE	2	1	36.7	6.1
13	FE	48	1	NA	NA
14	FE	36	1	32	5.8
15	FE	27	1	NA	NA
16	FE	21	1	NA	NA
17	FE	22	1	NA	NA
18	FE	31	1	NA	NA
19	FE	9	1	36.7	6.6
20	FE	44	1	NA	NA
21	FE	26	1	NA	NA
22	FE	19	1	34	5.6
23	FE	32	1	38	5.9
24	FE	20	1	37.3	6.3
25	FE	7	1	NA	NA
26	FE	33	1	33.3	5.6
27	FE	25	1	34.3	6.4
28	FE	10	1	NA	NA
29	FE	47	1	NA	NA
30	FE	6	1	NA	NA
31	FE	45	1	32	6.6
32	FE	41	1	NA	NA
33	FE	11	1	NA	NA
34	FE	14	1	NA	NA
35	FE	17	1	NA	NA
36	FE	4	1	NA	NA
37	FE	13	1	35.3	5.3
38	FE	16	1	36.3	6
39	FE	26	1	NA	NA
40	FE	39	1	32	6.6
41	FE	24	1	35	5.4
42	FE	42	1	35.5	6
43	FE	8	1	NA	NA
44	FE	18	1	31.3	5
45	FE	28	1	31	5.1
46	FE	1	1	34.7	5.7
47	FE	12	2	NA	NA
48	FE	37	2	33.5	6
49	FE	8	2	NA	NA
50	FE	3	2	NA	NA
51	FE	38	2	37	5.9
52	FE	4	2	31	5.7
53	FE	11	2	32.7	6.2
54	FE	10	2	26.7	4.5
55	FE	31	2	NA	NA
56	FE	28	2	34	5.7
57	FE	33	2	33.5	5.6
58	FE	7	2	NA	NA
59	FE	45	2	37.5	7.1
60	FE	6	2	NA	NA
61	FE	16	2	32.3	6.4
62	FE	30	2	32.3	6.5
63	FE	14	2	36	6.8
64	FE	32	2	36.7	7.1
65	FE	26	2	NA	NA
66	FE	46	2	33	6
67	FE	27	2	NA	NA
68	FE	34	2	31.3	5.8
69	FE	2	2	32.5	5.5
70	FE	47	2	31	5.1
71	FE	40	2	32.5	6
72	FE	25	2	NA	NA
73	FE	5	2	NA	NA
74	FE	18	2	35	6.1
75	FE	41	2	NA	NA
76	FE	39	2	35	6.2
77	FE	36	2	NA	NA
78	FE	22	2	NA	NA
79	FE	35	2	NA	NA
80	FE	19	2	NA	NA
81	FE	48	2	34.7	6.4
82	FE	43	2	NA	NA
83	FE	9	2	NA	NA
84	FE	15	2	32.3	5.3
85	FE	24	2	36.7	6.9
86	FE	4	2	NA	NA
87	FE	20	2	37.5	6.1
88	FE	13	2	NA	NA
89	FE	23	2	27	5.5
90	FE	17	2	33.3	5
91	FE	44	2	35.5	7
92	FE	29	2	33	5.9
93	FE	10	2	NA	NA
94	FE	42	2	33.3	6.1
95	FE	21	2	36.5	7
96	FE	1	2	32.5	5.6
97	FE	13	3	35.5	6.4
98	FE	6	3	36.3	7.3
99	FE	37	3	NA	NA
100	FE	42	3	34	6.6
101	FE	4	3	NA	NA
102	FE	29	3	NA	NA
103	FE	45	3	37.7	6
104	FE	15	3	33	5.8
105	FE	16	3	NA	NA
106	FE	31	3	NA	NA
107	FE	18	3	31	5.4
108	FE	22	3	NA	NA
109	FE	35	3	33	6
110	FE	48	3	NA	NA
111	FE	17	3	NA	NA
112	FE	38	3	NA	NA
113	FE	40	3	NA	NA
114	FE	30	3	NA	NA
115	FE	10	3	NA	NA
116	FE	34	3	35	6.5
117	FE	36	3	NA	NA
118	FE	41	3	NA	NA
119	FE	20	3	NA	NA
120	FE	23	3	NA	NA
121	FE	44	3	NA	NA
122	FE	7	3	38	6.4
123	FE	24	3	NA	NA
124	FE	47	3	NA	NA
125	FE	43	3	NA	NA
126	FE	19	3	NA	NA
127	FE	5	3	32	5
128	FE	11	3	NA	NA
129	FE	27	3	NA	NA
130	FE	25	3	36.7	5.9
131	FE	2	3	NA	NA
132	FE	33	3	NA	NA
133	FE	39	3	NA	NA
134	FE	9	3	31	5.4
135	FE	21	3	NA	NA
136	FE	1	3	NA	NA
137	FE	26	3	33.3	5.5
138	FE	12	3	34.7	5.5
139	FE	8	3	NA	NA
140	FE	32	3	35	6.4
141	FE	46	3	35	6.3
142	FE	28	3	37.5	6.6
143	FE	3	3	35.3	6.4
144	FE	35	4	28	5
145	FE	48	4	37.5	7.6
146	FE	25	4	36.3	6.7
147	FE	11	4	36.3	5.6
148	FE	28	4	NA	NA
149	FE	24	4	33.5	5
150	FE	47	4	NA	NA
151	FE	16	4	35	6.1
152	FE	3	4	NA	NA
153	FE	45	4	34.3	6.9
154	FE	21	4	NA	NA
155	FE	4	4	34	6.1
156	FE	38	4	34	6.1
157	FE	17	4	NA	NA
158	FE	30	4	32.7	6.5
159	FE	33	4	34.3	6.7
160	FE	7	4	NA	NA
161	FE	20	4	34	5.8
162	FE	27	4	NA	NA
163	FE	44	4	NA	NA
164	FE	2	4	36	6.1
165	FE	34	4	32.5	5.3
166	FE	8	4	30.5	5.6
167	FE	39	4	NA	NA
168	FE	36	4	32.7	5.1
169	FE	9	4	NA	NA
170	FE	19	4	NA	NA
171	FE	15	4	31.7	5.8
172	FE	40	4	NA	NA
173	FE	5	4	34.3	6
174	FE	31	4	33	6
175	FE	46	4	35.5	6.1
176	FE	12	4	NA	NA
177	FE	26	4	32	6.1
178	FE	32	4	NA	NA
179	FE	37	4	32.7	6.2
180	FE	29	4	35	7
181	FE	10	4	NA	NA
182	FE	6	4	33	6.7
183	FE	18	4	31.5	5.8
184	FE	13	4	33	5.6
185	FE	23	4	NA	NA
186	FE	43	4	NA	NA
187	FE	22	4	NA	NA
188	FE	14	4	34.5	6.1
189	FE	31	4	35.5	6.3
190	FE	42	4	33	6
191	FE	1	4	NA	NA
192	FE	22	4	NA	NA
193	FE	21	5	NA	NA
194	FE	25	5	33.5	6.4
195	FE	45	5	35	6.6
196	FE	41	5	36	5.5
197	FE	2	5	36	6.2
198	FE	37	5	NA	NA
199	FE	6	5	29.3	5.7
200	FE	26	5	NA	NA
201	FE	15	5	33.5	5.5
202	FE	48	5	NA	NA
203	FE	18	5	NA	NA
204	FE	44	5	32.5	6.2
205	FE	32	5	35	5.6
206	FE	22	5	NA	NA
207	FE	10	5	NA	NA
208	FE	35	5	29	4.8
209	FE	24	5	30.5	4.9
210	FE	1	5	36.3	6.1
211	FE	42	5	NA	NA
212	FE	13	5	NA	NA
213	FE	5	5	NA	NA
214	FE	19	5	NA	NA
215	FE	30	5	28	5.2
216	FE	46	5	34.7	5.8
217	FE	36	5	NA	NA
218	FE	4	5	35	5.8
219	FE	29	5	31.5	6.4
220	FE	20	5	34.3	6.7
221	FE	9	5	34.5	6.7
222	FE	28	5	31.7	4.9
223	FE	40	5	31.3	5.8
224	FE	31	5	33.7	5.7
225	FE	11	5	32.7	5.5
226	FE	33	5	33.7	7
227	FE	3	5	33	5.9
228	FE	8	5	32.7	6.9
229	FE	27	5	NA	NA
230	FE	34	5	36.5	6.5
231	FE	39	5	28	5.2
232	FE	23	5	29.7	5
233	FE	12	5	34.3	5.9
234	FE	17	5	NA	NA
235	FE	16	5	31	5.6
236	FE	47	5	32.5	5.8
237	FE	13	6	35.3	5.8
238	FE	40	6	32	5.1
239	FE	27	6	NA	NA
240	FE	6	6	NA	NA
241	FE	37	6	34	6.3
242	FE	41	6	32.5	5.7
243	FE	10	6	35.3	6.7
244	FE	33	6	NA	NA
245	FE	15	6	34.7	5.9
246	FE	12	6	35	6.3
247	FE	24	6	32.5	5
248	FE	43	6	33	6.5
249	FE	30	6	35	5.8
250	FE	8	6	NA	NA
251	FE	3	6	34	5.2
252	FE	22	6	32.7	4.7
253	FE	20	6	32	5.7
254	FE	47	6	36.5	6.6
255	FE	18	6	NA	NA
256	FE	33	6	NA	NA
257	FE	5	6	NA	NA
258	FE	28	6	NA	NA
259	FE	45	6	36.3	6.6
260	FE	16	6	29.3	5.4
261	FE	48	6	36	6.4
262	FE	19	6	32.5	4.7
263	FE	23	6	32.7	6.4
264	FE	1	6	NA	NA
265	FE	39	6	NA	NA
266	FE	44	6	36	6
267	FE	34	6	NA	NA
268	FE	46	6	NA	NA
269	FE	42	6	35.3	6.2
270	FE	17	6	37	6.7
271	FE	14	6	30.5	6.1
272	FE	12	6	37	6.8
273	FE	36	6	32.5	5.8
274	FE	26	6	34	5.5
275	FE	2	6	30	4.3
276	FE	4	6	NA	NA
277	FE	25	6	31.5	6
278	FE	7	6	36	6.7
279	FE	35	6	NA	NA
280	FE	21	6	NA	NA
281	FE	29	6	33	6.1
282	FE	11	6	36.3	6
283	FE	9	6	32.7	5.4
284	FE	38	6	33	5.6
285	FE	32	6	34	6
286	FE	31	6	35	5.5
287	FE	5	7	33.7	6.3
288	FE	42	7	34	5.9
289	FE	1	7	32	5.8
290	FE	40	7	33	5.8
291	FE	33	7	NA	NA
292	FE	26	7	NA	NA
293	FE	44	7	34	5.6
294	FE	39	7	35	6.5
295	FE	18	7	30.7	5.3
296	FE	32	7	38	6.8
297	FE	8	7	35.5	5.6
298	FE	17	7	NA	NA
299	FE	46	7	38	6.1
300	FE	12	7	NA	NA
301	FE	16	7	NA	NA
302	FE	21	7	31.7	5.7
303	FE	14	7	NA	NA
304	FE	22	7	NA	NA
305	FE	11	7	33	5.7
306	FE	45	7	37.7	7.4
307	FE	34	7	36	5.1
308	FE	20	7	NA	NA
309	FE	28	7	34	6.4
310	FE	7	7	NA	NA
311	FE	43	7	NA	NA
312	FE	6	7	NA	NA
313	FE	18	7	NA	NA
314	FE	37	7	24.5	4.2
315	FE	35	7	33	5.6
316	FE	30	7	36.7	6.1
317	FE	25	7	24	3.4
318	FE	3	7	34	6.5
319	FE	9	7	36.5	6
320	FE	36	7	34.5	6
321	FE	31	7	NA	NA
322	FE	38	7	NA	NA
323	FE	4	7	NA	NA
324	FE	13	7	NA	NA
325	FE	48	7	35.7	6.2
326	FE	19	7	31.7	6.2
327	FE	15	7	NA	NA
328	FE	2	7	35.7	6.3
329	FE	23	7	NA	NA
330	FE	24	7	36.7	6
331	FE	29	7	NA	NA
332	FE	10	7	35.6	6.6
333	FE	27	7	NA	NA
334	FE	47	7	31.7	6.6
335	FE	28	8	NA	NA
336	FE	43	8	31	5.4
337	FE	15	8	37.3	6.2
338	FE	17	8	NA	NA
339	FE	1	8	28	5.4
340	FE	10	8	31.7	5.8
341	FE	46	8	NA	NA
342	FE	8	8	36.7	6.7
343	FE	37	8	NA	NA
344	FE	27	8	30	5
345	FE	45	8	37	6.4
346	FE	35	8	NA	NA
347	FE	11	8	37	6.5
348	FE	12	8	33.3	5.4
349	FE	2	8	35.7	5.9
350	FE	9	8	NA	NA
351	FE	34	8	NA	NA
352	FE	36	8	NA	NA
353	FE	40	8	36.5	5.9
354	FE	32	8	NA	NA
355	FE	25	8	35	6.4
356	FE	23	8	30	6.5
357	FE	47	8	NA	NA
358	FE	42	8	NA	NA
359	FE	13	8	32.3	6.4
360	FE	5	8	31.3	6
361	FE	38	8	33.3	5.5
362	FE	21	8	32.7	5.3
363	FE	30	8	NA	NA
364	FE	41	8	34.3	6.1
365	FE	20	8	29.5	4.6
366	FE	31	8	NA	NA
367	FE	4	8	NA	NA
368	FE	16	8	NA	NA
369	FE	48	8	30	6.1
370	FE	28	8	NA	NA
371	FE	3	8	NA	NA
372	FE	6	8	NA	NA
373	FE	14	8	32.3	5.7
374	FE	19	8	NA	NA
375	FE	26	8	NA	NA
376	FE	24	8	NA	NA
377	FE	39	8	NA	NA
378	FE	33	8	33.5	5.6
379	FE	22	8	NA	NA
380	FE	44	8	NA	NA
381	FE	29	8	35.7	6.8
382	FE	18	8	NA	NA
383	FE	28	9	34	5.4
384	FE	3	9	NA	NA
385	FE	16	9	34.7	6.4
386	FE	14	9	33.3	6.4
387	FE	1	9	34.3	6.3
388	FE	38	9	NA	NA
389	FE	12	9	36	5.7
390	FE	25	9	NA	NA
391	FE	26	9	31.7	4.7
392	FE	20	9	32.3	6.5
393	FE	2	9	NA	NA
394	FE	31	9	31.3	5.2
395	FE	36	9	31.5	6
396	FE	18	9	NA	NA
397	FE	29	9	29.7	5.1
398	FE	22	9	NA	NA
399	FE	19	9	35	6.3
400	FE	15	9	27.5	5.2
401	FE	47	9	NA	NA
402	FE	24	9	32.3	4.8
403	FE	39	9	31.5	5.8
404	FE	37	9	35.3	5.5
405	FE	42	9	36.7	6.7
406	FE	34	9	31	6
407	FE	5	9	NA	NA
408	FE	44	9	30	6.4
409	FE	9	9	33.3	6.2
410	FE	45	9	33.3	6
411	FE	23	9	NA	NA
412	FE	7	9	31	4.9
413	FE	30	9	NA	NA
414	FE	8	9	33	6.2
415	FE	40	9	35	5.9
416	FE	4	9	NA	NA
417	FE	13	9	34	5.6
418	FE	8	9	NA	NA
419	FE	17	9	NA	NA
420	FE	41	9	36.7	6.2
421	FE	33	9	35.3	5.3
422	FE	32	9	35	5.6
423	FE	46	9	29	4
424	FE	10	9	33	6.4
425	FE	11	9	NA	NA
426	FE	35	9	NA	NA
427	FE	21	9	NA	NA
428	FE	43	9	36.3	5.5
429	FE	27	9	NA	NA
430	FE	9	10	35.3	6.1
431	FE	12	10	NA	NA
432	FE	38	10	30.5	5.6
433	FE	31	10	NA	NA
434	FE	45	10	36.7	7
435	FE	6	10	NA	NA
436	FE	23	10	NA	NA
437	FE	29	10	30	6.5
438	FE	21	10	33.7	6.2
439	FE	35	10	31	4.5
440	FE	7	10	NA	NA
441	FE	25	10	32	5.4
442	FE	13	10	34.3	6.6
443	FE	28	10	NA	NA
444	FE	10	10	36.5	6.8
445	FE	43	10	29	5.3
446	FE	1	10	NA	NA
447	FE	39	10	30.7	5.6
448	FE	33	10	34	5.6
449	FE	16	10	32.5	5.4
450	FE	34	10	30.5	5.5
451	FE	24	10	34	5.4
452	FE	42	10	NA	NA
453	FE	2	10	32	5.2
454	FE	44	10	32	5.7
455	FE	22	10	NA	NA
456	FE	18	10	30	5
457	FE	48	10	31	5.7
458	FE	27	10	27.7	4
459	FE	15	10	32.5	4.8
460	FE	30	10	NA	NA
461	FE	41	10	34.7	5.1
462	FE	17	10	NA	NA
463	FE	47	10	34	5.8
464	FE	36	10	NA	NA
465	FE	20	10	NA	NA
466	FE	4	10	36.7	6.5
467	FE	32	10	29.5	4.8
468	FE	5	10	31.7	5
469	FE	26	10	NA	NA
470	FE	40	10	NA	NA
471	FE	37	10	31.5	5.1
472	FE	45	10	36.5	5.5
473	FE	46	10	33	5.7
474	FE	8	10	NA	NA
475	FE	3	10	36	6.3
476	FE	19	10	35	5.8
477	FE	33	11	NA	NA
478	FE	35	11	32	5.5
479	FE	2	11	34.5	6
480	FE	34	11	26	4
481	FE	10	11	31.7	6.1
482	FE	24	11	38	6
483	FE	30	11	NA	NA
484	FE	21	11	NA	NA
485	FE	29	11	NA	NA
486	FE	5	11	33	5.6
487	FE	6	11	NA	NA
488	FE	12	11	NA	NA
489	FE	11	11	NA	NA
490	FE	3	11	32.7	5.9
491	FE	40	11	30	4.5
492	FE	17	11	33.7	5.8
493	FE	22	11	NA	NA
494	FE	13	11	34	5.8
495	FE	19	11	NA	NA
496	FE	36	11	NA	NA
497	FE	31	11	NA	NA
498	FE	9	11	NA	NA
499	FE	20	11	NA	NA
500	FE	45	11	36	6.3
501	FE	16	11	NA	NA
502	FE	15	11	34.3	6.1
503	FE	26	11	NA	NA
504	FE	27	11	NA	NA
505	FE	44	11	37.7	7.5
506	FE	18	11	31	5.5
507	FE	39	11	32	5.6
508	FE	25	11	35	6.3
509	FE	47	11	NA	NA
510	FE	20	11	NA	NA
511	FE	8	11	NA	NA
512	FE	32	11	33	4.8
513	FE	28	11	NA	NA
514	FE	23	11	30.3	6
515	FE	4	11	37	6.3
516	FE	48	11	NA	NA
517	FE	1	11	NA	NA
518	FE	43	11	NA	NA
519	FE	7	11	34	7
520	FE	46	11	NA	NA
521	FE	37	11	NA	NA
522	FE	14	11	31.7	6.2
523	FE	18	12	33.5	6.4
524	FE	32	12	NA	NA
525	FE	35	12	NA	NA
526	FE	42	12	NA	NA
527	FE	23	12	NA	NA
528	FE	1	12	NA	NA
529	FE	24	12	31	5.5
530	FE	36	12	31	5.3
531	FE	40	12	34.3	6.5
532	FE	21	12	31.5	6.3
533	FE	43	12	NA	NA
534	FE	46	12	NA	NA
535	FE	17	12	34	6.1
536	FE	26	12	30	6.2
537	FE	31	12	NA	NA
538	FE	28	12	31.7	5.5
539	FE	13	12	NA	NA
540	FE	10	12	32.5	5.6
541	FE	7	12	NA	NA
542	FE	42	12	NA	NA
543	FE	3	12	34.7	5.8
544	FE	2	12	36	6.8
545	FE	22	12	NA	NA
546	FE	48	12	31.5	6.7
547	FE	6	12	NA	NA
548	FE	12	12	NA	NA
549	FE	25	12	29	5.3
550	FE	38	12	28	5.4
551	FE	11	12	32.3	5.8
552	FE	15	12	30	5.3
553	FE	20	12	29.7	5.6
554	FE	16	12	30	6.2
555	FE	41	12	32.7	5.3
556	FE	45	12	33	6.7
557	FE	34	12	NA	NA
558	FE	43	12	NA	NA
559	FE	14	12	NA	NA
560	FE	44	12	NA	NA
561	FE	19	12	32.7	5.4
562	FE	4	12	31.7	5.3
563	FE	47	12	31.7	5.5
564	FE	33	12	NA	NA
565	FE	29	12	NA	NA
566	FE	27	12	32.7	5.8
567	FE	9	12	34.7	6.6
568	FE	37	12	30	5.7
569	FE	30	12	NA	NA
570	FE	39	12	NA	NA
571	FE	44	13	NA	NA
572	FE	2	13	29.5	5.4
573	FE	11	13	NA	NA
574	FE	47	13	33.3	6
575	FE	39	13	33.3	6.4
576	FE	45	13	37.3	7.1
577	FE	15	13	NA	NA
578	FE	36	13	30	5.7
579	FE	26	13	NA	NA
580	FE	37	13	32	5.4
581	FE	22	13	NA	NA
582	FE	42	13	NA	NA
583	FE	4	13	NA	NA
584	FE	35	13	31.5	5.6
585	FE	7	13	34.7	6.1
586	FE	32	13	32.5	5.8
587	FE	3	13	35	6
588	FE	1	13	32.3	7.1
589	FE	21	13	NA	NA
590	FE	27	13	NA	NA
591	FE	38	13	33.7	6.2
592	FE	23	13	32.7	5.7
593	FE	48	13	33	6.1
594	FE	30	13	34.5	7
595	FE	9	13	35.7	6.2
596	FE	16	13	35.3	5.5
597	FE	28	13	30	5.1
598	FE	12	13	NA	NA
599	FE	13	13	NA	NA
600	FE	5	13	31.5	5.8
601	FE	33	13	31	5.8
602	FE	25	13	NA	NA
603	FE	41	13	NA	NA
604	FE	46	13	NA	NA
605	FE	17	13	NA	NA
606	FE	15	13	NA	NA
607	FE	19	13	NA	NA
608	FE	34	13	NA	NA
609	FE	8	13	32	5.7
610	FE	31	13	31.5	5.9
611	FE	24	13	31.7	4.8
612	FE	43	13	NA	NA
613	FE	29	13	NA	NA
614	FE	20	13	NA	NA
615	FE	6	13	NA	NA
616	FE	18	13	32.5	6.1
617	FE	10	13	NA	NA
618	FE	16	14	31	5.7
619	FE	3	14	NA	NA
620	FE	37	14	NA	NA
621	FE	22	14	NA	NA
622	FE	30	14	NA	NA
623	FE	15	14	NA	NA
624	FE	1	14	NA	NA
625	FE	42	14	NA	NA
626	FE	32	14	29.3	5.8
627	FE	7	14	32.7	6.3
628	FE	5	14	33	5.6
629	FE	46	14	34.5	5.5
630	FE	35	14	NA	NA
631	FE	21	14	NA	NA
632	FE	29	14	NA	NA
633	FE	25	14	NA	NA
634	FE	9	14	34.5	5.9
635	FE	36	14	32	6.3
636	FE	17	14	NA	NA
637	FE	2	14	NA	NA
638	FE	4	14	31.7	4.9
639	FE	31	14	NA	NA
640	FE	10	14	32	6.2
641	FE	18	14	NA	NA
642	FE	30	14	NA	NA
643	FE	33	14	36	6.3
644	FE	23	14	NA	NA
645	FE	20	14	32.5	5.7
646	FE	26	14	29.7	5.5
647	FE	40	14	NA	NA
648	FE	8	14	NA	NA
649	FE	38	14	NA	NA
650	FE	48	14	32	7.1
651	FE	39	14	32	5.7
652	FE	44	14	36	6.1
653	FE	43	14	33	7.1
654	FE	34	14	28.5	6.1
655	FE	27	14	32.3	6.2
656	FE	24	14	33.3	5.9
657	FE	41	14	NA	NA
658	FE	13	14	33.5	6.6
659	FE	28	14	NA	NA
660	FE	12	14	31.7	6.2
661	FE	19	14	31	5.7
662	FE	47	14	NA	NA
663	FE	6	14	NA	NA
664	FE	45	14	NA	NA
665	FE	11	14	NA	NA
666	FE	5	15	NA	NA
667	FE	39	15	NA	NA
668	FE	4	15	NA	NA
669	FE	26	15	NA	NA
670	FE	41	15	NA	NA
671	FE	47	15	32	5.4
672	FE	46	15	NA	NA
673	FE	16	15	NA	NA
674	FE	23	15	NA	NA
675	FE	11	15	31.3	5.1
676	FE	3	15	NA	NA
677	FE	15	15	NA	NA
678	FE	25	15	31	7
679	FE	2	15	NA	NA
680	FE	6	15	NA	NA
681	FE	21	15	NA	NA
682	FE	38	15	NA	NA
683	FE	30	15	28.7	4.6
684	FE	34	15	29	5.6
685	FE	33	15	NA	NA
686	FE	43	15	NA	NA
687	FE	18	15	30.5	5.5
688	FE	31	15	31.3	5
689	FE	37	15	32	6.2
690	FE	45	15	NA	NA
691	FE	13	15	NA	NA
692	FE	29	15	NA	NA
693	FE	24	15	NA	NA
694	FE	17	15	NA	NA
695	FE	1	15	NA	NA
696	FE	9	15	34.3	6.7
697	FE	28	15	NA	NA
698	FE	10	15	NA	NA
699	FE	42	15	33	6
700	FE	19	15	36	6.5
701	FE	22	15	NA	NA
702	FE	8	15	NA	NA
703	FE	7	15	NA	NA
704	FE	36	15	28.7	5
705	FE	32	15	NA	NA
706	FE	27	15	32.3	5.3
707	FE	20	15	34	6.4
708	FE	40	15	30.5	5.9
709	FE	35	15	33	5.2
710	FE	14	15	NA	NA
711	FE	48	15	NA	NA
712	FE	12	15	NA	NA
713	FE	43	16	NA	NA
714	FE	21	16	32.7	5.9
715	FE	37	16	NA	NA
716	FE	44	16	NA	NA
717	FE	7	16	NA	NA
718	FE	38	16	32	6.5
719	FE	20	16	33.7	5.1
720	FE	28	16	NA	NA
721	FE	11	16	31.7	5.3
722	FE	4	16	35	6.8
723	FE	22	16	NA	NA
724	FE	31	16	NA	NA
725	FE	19	16	32.3	6
726	FE	18	16	NA	NA
727	FE	40	16	NA	NA
728	FE	3	16	12	1.8
729	FE	48	16	NA	NA
730	FE	5	16	NA	NA
731	FE	35	16	NA	NA
732	FE	46	16	NA	NA
733	FE	30	16	NA	NA
734	FE	10	16	NA	NA
735	FE	8	16	32	5.5
736	FE	2	16	29.5	4.9
737	FE	41	16	NA	NA
738	FE	42	16	NA	NA
739	FE	24	16	32	5.9
740	FE	25	16	NA	NA
741	FE	26	16	30	5
742	FE	9	16	32	7.1
743	FE	33	16	NA	NA
744	FE	34	16	NA	NA
745	FE	47	16	31	5.8
746	FE	29	16	24	5
747	FE	23	16	NA	NA
748	FE	15	16	NA	NA
749	FE	6	16	NA	NA
750	FE	12	16	NA	NA
751	FE	13	16	NA	NA
752	FE	17	16	NA	NA
753	FE	36	16	NA	NA
754	FE	1	16	32.3	5.6
755	FE	24	16	NA	NA
756	FE	27	16	28.5	4.9
757	FE	32	16	NA	NA
758	FE	39	16	NA	NA
759	FE	14	16	NA	NA
760	FE	45	16	NA	NA
761	FE	16	16	NA	NA
762	FE	43	17	32.5	4.9
763	FE	30	17	35.5	6.7
764	FE	37	17	27.3	5.2
765	FE	15	17	33.7	5.6
766	FE	7	17	NA	NA
767	FE	23	17	30	5.6
768	FE	31	17	32	5.6
769	FE	32	17	36.5	6.2
770	FE	46	17	32.3	5.3
771	FE	41	17	28.5	4.3
772	FE	7	17	32.3	6.3
773	FE	25	17	NA	NA
774	FE	10	17	31.5	4.9
775	FE	36	17	33	5.6
776	FE	13	17	NA	NA
777	FE	38	17	32.7	6.8
778	FE	12	17	32.3	6.4
779	FE	48	17	NA	NA
780	FE	5	17	NA	NA
781	FE	18	17	33	5.8
782	FE	47	17	36.3	5.8
783	FE	24	17	30.3	5.8
784	FE	29	17	NA	NA
785	FE	40	17	35	5.7
786	FE	14	17	NA	NA
787	FE	4	17	33.7	5.8
788	FE	9	17	32.7	6.5
789	FE	11	17	36.3	6.6
790	FE	23	17	31.5	5.9
791	FE	21	17	30	4.6
792	FE	42	17	NA	NA
793	FE	22	17	NA	NA
794	FE	26	17	NA	NA
795	FE	34	17	NA	NA
796	FE	42	17	NA	NA
797	FE	6	17	NA	NA
798	FE	33	17	NA	NA
799	FE	35	17	31.5	5.7
800	FE	44	17	NA	NA
801	FE	8	17	NA	NA
802	FE	2	17	NA	NA
803	FE	19	17	NA	NA
804	FE	17	17	NA	NA
805	FE	20	17	34.7	6.1
806	FE	45	17	31.7	5.5
807	FE	16	17	32.7	5.9
808	FE	3	17	NA	NA
809	FE	28	17	30	5.5
810	FE	39	17	32.7	6.2
811	FE	1	17	NA	NA
812	FE	5	17	32.7	5.6
813	FE	24	18	32.5	5.7
814	FE	11	18	NA	NA
815	FE	46	18	NA	NA
816	FE	25	18	NA	NA
817	FE	4	18	NA	NA
818	FE	1	18	30	6.1
819	FE	29	18	21	3.4
820	FE	3	18	NA	NA
821	FE	35	18	34.3	5.6
822	FE	20	18	35	5.8
823	FE	7	18	36	7.7
824	FE	19	18	NA	NA
825	FE	48	18	NA	NA
826	FE	16	18	32.5	5.4
827	FE	18	18	32	5
828	FE	37	18	NA	NA
829	FE	9	18	36.7	5.7
830	FE	2	18	32	5.6
831	FE	17	18	32	5.5
832	FE	31	18	27.7	5.4
833	FE	10	18	24.5	3.6
834	FE	42	18	36	6.1
835	FE	15	18	NA	NA
836	FE	6	18	NA	NA
837	FE	30	18	34	5.9
838	FE	41	18	32	6.4
839	FE	28	18	31.7	5.3
840	FE	33	18	31.7	4.8
841	FE	21	18	NA	NA
842	FE	5	18	33	6.5
843	FE	36	18	NA	NA
844	FE	12	18	34.3	6.1
845	FE	22	18	NA	NA
846	FE	1	18	33.5	5.8
847	FE	45	18	35	7.7
848	FE	47	18	NA	NA
849	FE	23	18	32	7.1
850	FE	38	18	33.7	5.7
851	FE	43	18	31	6.3
852	FE	40	18	32	4.9
853	FE	26	18	32	4.9
854	FE	14	18	34.7	6.8
855	FE	39	18	35.3	6.2
856	FE	44	18	36.5	7
857	FE	27	18	33.5	5
858	FE	32	18	NA	NA
859	FE	13	18	31	5.7
860	FE	5	19	32.7	6.1
861	FE	8	19	NA	NA
862	FE	23	19	NA	NA
863	FE	46	19	33.5	5
864	FE	39	19	28.5	5.1
865	FE	15	19	NA	NA
866	FE	48	19	29.5	6.9
867	FE	39	19	NA	NA
868	FE	35	19	NA	NA
869	FE	3	19	NA	NA
870	FE	18	19	NA	NA
871	FE	25	19	34.7	7.1
872	FE	14	19	NA	NA
873	FE	47	19	34	5.7
874	FE	45	19	36.7	6.1
875	FE	24	19	35	6.3
876	FE	42	19	NA	NA
877	FE	44	19	NA	NA
878	FE	31	19	37	5.8
879	FE	21	19	30	5.3
880	FE	19	19	NA	NA
881	FE	4	19	32.3	6.6
882	FE	40	19	NA	NA
883	FE	30	19	NA	NA
884	FE	36	19	33	6.7
885	FE	7	19	31.5	5.7
886	FE	27	19	30	5.1
887	FE	41	19	37	6.3
888	FE	22	19	NA	NA
889	FE	29	19	NA	NA
890	FE	28	19	32	5.4
891	FE	16	19	NA	NA
892	FE	46	19	30.3	4.9
893	FE	26	19	NA	NA
894	FE	37	19	NA	NA
895	FE	33	19	NA	NA
896	FE	2	19	35	6.6
897	FE	32	19	NA	NA
898	FE	12	19	NA	NA
899	FE	17	19	NA	NA
900	FE	9	19	32	5.4
901	FE	13	19	32	5.7
902	FE	20	19	33.5	6.1
903	FE	34	19	30	6
904	FE	11	19	NA	NA
905	FE	6	19	35	6.4
906	FE	1	19	NA	NA
907	FE	43	19	NA	NA
908	FE	10	19	NA	NA
909	FE	27	20	31.7	6.1
910	FE	25	20	30	5.5
911	FE	41	20	NA	NA
912	FE	17	20	NA	NA
913	FE	43	20	32.5	6.4
914	FE	2	20	35	7.1
915	FE	8	20	29.3	4.3
916	FE	3	20	32.7	6
917	FE	13	20	36	5.8
918	FE	47	20	NA	NA
919	FE	48	20	34.7	6.8
920	FE	21	20	NA	NA
921	FE	20	20	31	5.7
922	FE	7	20	NA	NA
923	FE	12	20	30	4.7
924	FE	6	20	36	7.1
925	FE	15	20	NA	NA
926	FE	28	20	34.5	6.2
927	FE	11	20	30.3	5.6
928	FE	10	20	35.3	5.8
929	FE	42	20	NA	NA
930	FE	18	20	NA	NA
931	FE	46	20	NA	NA
932	FE	40	20	32.3	5.5
933	FE	33	20	35.5	5.6
934	FE	9	20	30.7	5.5
935	FE	24	20	34.3	5.7
936	FE	22	20	NA	NA
937	FE	23	20	31	5.4
938	FE	45	20	NA	NA
939	FE	30	20	NA	NA
940	FE	26	20	32.3	5.1
941	FE	36	20	NA	NA
942	FE	34	20	34.7	7.7
943	FE	1	20	31.5	5.1
944	FE	31	20	29.7	5.6
945	FE	1	20	NA	NA
946	FE	5	20	30.3	5
947	FE	19	20	NA	NA
948	FE	39	20	34.3	6.6
949	FE	16	20	35.3	6.1
950	FE	37	20	28.7	3.6
951	FE	32	20	30.3	6.4
952	FE	29	20	35	5.6
953	FE	35	20	31.7	5.7
954	FE	30	20	32	5.8
955	FE	4	20	30.5	4.5
956	FE	42	20	NA	NA
957	FE	44	20	34.3	6.6
958	HE	9	1	32.4	5
959	HE	28	1	29.6	5.3
960	HE	20	1	NA	NA
961	HE	24	1	31.5	4.8
962	HE	15	1	29	5.3
963	HE	13	1	NA	NA
964	HE	4	1	20.6	2.8
965	HE	16	1	25.5	4.5
966	HE	47	1	25.6	4.1
967	HE	14	1	NA	NA
968	HE	27	1	21.8	3.2
969	HE	39	1	29.6	5.6
970	HE	31	1	27.6	5
971	HE	12	1	NA	NA
972	HE	25	1	11.4	1.4
973	HE	44	1	30	5.2
974	HE	41	1	NA	NA
975	HE	29	1	27.4	5
976	HE	26	1	NA	NA
977	HE	40	1	31.3	5.5
978	HE	11	1	33.6	6.2
979	HE	36	1	26.8	4.8
980	HE	19	1	25.1	4
981	HE	18	1	NA	NA
982	HE	35	1	27.8	5
983	HE	29	1	30.3	5.4
984	HE	22	1	NA	NA
985	HE	43	1	25.4	4.2
986	HE	23	1	28.9	6.2
987	HE	23	1	24.7	3.6
988	HE	21	1	NA	NA
989	HE	17	1	26.4	4.2
990	HE	10	1	26.6	5.9
991	HE	37	1	25.4	4.3
992	HE	42	1	29.4	5.6
993	HE	1	1	26.4	3.6
994	HE	2	1	30.5	5.1
995	HE	32	1	31.2	5.1
996	HE	30	1	30	4.9
997	HE	34	1	28.3	6.2
998	HE	6	1	29	4.7
999	HE	7	1	26.9	4.7
1000	HE	3	1	29.8	5.9
1001	HE	33	1	24	4.1
1002	HE	8	1	20.7	4.1
1003	HE	45	1	25.6	4.4
1004	HE	5	1	27.1	5.4
1005	HE	22	2	17.8	3.1
1006	HE	39	2	21.7	2.8
1007	HE	10	2	27.5	5.3
1008	HE	12	2	25.9	3.9
1009	HE	11	2	34.1	5.4
1010	HE	27	2	NA	NA
1011	HE	25	2	NA	NA
1012	HE	1	2	23.3	5
1013	HE	5	2	29.6	4.5
1014	HE	45	2	31	5.5
1015	HE	9	2	27.4	5.4
1016	HE	16	2	NA	NA
1017	HE	43	2	NA	NA
1018	HE	4	2	NA	NA
1019	HE	34	2	27.3	4.5
1020	HE	42	2	30.8	5.6
1021	HE	31	2	NA	NA
1022	HE	18	2	NA	NA
1023	HE	23	2	NA	NA
1024	HE	38	2	NA	NA
1025	HE	44	2	34.8	5.6
1026	HE	41	2	26.9	4.3
1027	HE	30	2	24.1	4.4
1028	HE	48	2	28.6	5
1029	HE	40	2	29.7	5.4
1030	HE	26	2	15.1	2.3
1031	HE	7	2	31.6	6.2
1032	HE	17	2	26.2	4.1
1033	HE	13	2	NA	NA
1034	HE	19	2	31.9	5.2
1035	HE	20	2	NA	NA
1036	HE	20	2	29	5.1
1037	HE	33	2	26.8	4.2
1038	HE	47	2	NA	NA
1039	HE	3	2	NA	NA
1040	HE	35	2	25.7	3.3
1041	HE	6	2	29.6	5.4
1042	HE	15	2	28.3	4.5
1043	HE	2	2	30.6	4.6
1044	HE	36	2	31.8	4.9
1045	HE	8	2	30.6	4.8
1046	HE	28	2	29.2	4
1047	HE	32	2	NA	NA
1048	HE	29	2	NA	NA
1049	HE	37	2	27.3	4.7
1050	HE	21	2	30.6	5.1
1051	HE	11	3	30	4.8
1052	HE	10	3	28.4	5.8
1053	HE	24	3	27.9	4.4
1054	HE	21	3	NA	NA
1055	HE	13	3	31.6	5.2
1056	HE	25	3	28.9	4.5
1057	HE	31	3	27.8	4.7
1058	HE	37	3	28.8	4.5
1059	HE	17	3	31.3	5.3
1060	HE	27	3	22.6	4.2
1061	HE	29	3	22.4	4.6
1062	HE	44	3	29.3	5.3
1063	HE	12	3	32.4	4.5
1064	HE	8	3	26.5	4
1065	HE	26	3	28.9	5.1
1066	HE	5	3	29.7	5.2
1067	HE	19	3	27.4	5.1
1068	HE	4	3	29.5	4.8
1069	HE	9	3	32.8	5.6
1070	HE	32	3	28.1	5.4
1071	HE	7	3	34.3	5.6
1072	HE	42	3	33.7	6.8
1073	HE	16	3	25.5	4.3
1074	HE	45	3	29.5	4.8
1075	HE	34	3	NA	NA
1076	HE	3	3	30.7	5.5
1077	HE	6	3	27.3	4.8
1078	HE	2	3	29	4.9
1079	HE	15	3	30.4	5
1080	HE	18	3	NA	NA
1081	HE	43	3	29.9	5
1082	HE	33	3	27.5	4.6
1083	HE	28	3	26.8	4.4
1084	HE	41	3	23.6	3.8
1085	HE	35	3	21.2	3.5
1086	HE	48	3	NA	NA
1087	HE	30	3	23.4	4.1
1088	HE	40	3	27.8	4.6
1089	HE	14	3	26.7	4.4
1090	HE	47	3	NA	NA
1091	HE	22	3	NA	NA
1092	HE	1	3	27.3	4.7
1093	HE	39	3	29.3	5
1094	HE	36	3	25.8	4.2
1095	HE	20	3	27.7	4.9
1096	HE	23	3	25.9	3.6
1097	HE	39	4	NA	NA
1098	HE	12	4	27.5	5.3
1099	HE	45	4	26.1	4.1
1100	HE	33	4	25.7	4.5
1101	HE	20	4	NA	NA
1102	HE	25	4	31.8	4.9
1103	HE	15	4	NA	NA
1104	HE	1	4	32.1	6.5
1105	HE	29	4	26.9	4.9
1106	HE	37	4	26.9	4.6
1107	HE	4	4	30	5.5
1108	HE	36	4	NA	NA
1109	HE	28	4	26.4	5.5
1110	HE	9	4	26.3	4.6
1111	HE	14	4	NA	NA
1112	HE	17	4	NA	NA
1113	HE	21	4	29.8	5
1114	HE	40	4	29.2	5.5
1115	HE	26	4	NA	NA
1116	HE	27	4	NA	NA
1117	HE	32	4	27.6	4.4
1118	HE	6	4	NA	NA
1119	HE	11	4	29.5	6.9
1120	HE	7	4	29.4	5
1121	HE	44	4	30.5	5.8
1122	HE	23	4	31.1	5
1123	HE	10	4	32.2	6
1124	HE	35	4	26.8	4.9
1125	HE	42	4	NA	NA
1126	HE	19	4	NA	NA
1127	HE	48	4	30.3	5.7
1128	HE	31	4	27	4.7
1129	HE	13	4	21.5	2.7
1130	HE	41	4	NA	NA
1131	HE	24	4	26.8	4.9
1132	HE	38	4	27.6	4.6
1133	HE	18	4	27	4.9
1134	HE	43	4	31.1	6
1135	HE	47	4	18.3	2.9
1136	HE	3	4	29.6	5.6
1137	HE	16	4	28.1	4.3
1138	HE	3	4	29.5	5.7
1139	HE	22	4	15.8	2.1
1140	HE	34	4	28.2	5.6
1141	HE	2	4	18.2	2.5
1142	HE	5	4	NA	NA
1143	HE	30	4	NA	NA
1144	HE	44	5	29.5	5
1145	HE	10	5	26.1	4.6
1146	HE	12	5	28	4.6
1147	HE	7	5	33.7	5.8
1148	HE	29	5	30.8	6
1149	HE	45	5	34.2	6
1150	HE	38	5	NA	NA
1151	HE	40	5	NA	NA
1152	HE	2	5	29.2	4.4
1153	HE	32	5	NA	NA
1154	HE	41	5	29.6	5
1155	HE	13	5	30.6	5.2
1156	HE	28	5	29.2	5.8
1157	HE	15	5	28	4
1158	HE	35	5	NA	NA
1159	HE	26	5	30.1	5.6
1160	HE	18	5	NA	NA
1161	HE	22	5	26.8	5
1162	HE	39	5	34	6
1163	HE	6	5	32.3	5.3
1164	HE	1	5	31	5.5
1165	HE	48	5	30.2	6.2
1166	HE	25	5	NA	NA
1167	HE	17	5	NA	NA
1168	HE	5	5	NA	NA
1169	HE	27	5	27.3	3.8
1170	HE	42	5	28.2	4.2
1171	HE	43	5	NA	NA
1172	HE	31	5	25.1	3.9
1173	HE	37	5	27.3	4.5
1174	HE	48	5	NA	NA
1175	HE	24	5	24.2	2.8
1176	HE	25	5	29.7	5
1177	HE	34	5	25.9	4.5
1178	HE	14	5	29.1	4.7
1179	HE	8	5	NA	NA
1180	HE	47	5	26.1	4.5
1181	HE	20	5	NA	NA
1182	HE	16	5	23.6	3.4
1183	HE	30	5	32.4	6
1184	HE	33	5	27	5.7
1185	HE	4	5	24.7	4.3
1186	HE	9	5	32.1	5.9
1187	HE	23	5	29	5.2
1188	HE	11	5	32.6	5.7
1189	HE	3	5	NA	NA
1190	HE	36	5	31.7	4.9
1191	HE	19	5	NA	NA
1192	HE	28	6	NA	NA
1193	HE	40	6	31.6	4.9
1194	HE	22	6	NA	NA
1195	HE	18	6	24.8	4.1
1196	HE	9	6	30.6	6
1197	HE	6	6	27.2	5.4
1198	HE	22	6	21.3	3
1199	HE	33	6	23.5	4.2
1200	HE	37	6	26.8	4.3
1201	HE	31	6	NA	NA
1202	HE	35	6	22	3.8
1203	HE	16	6	30	5.1
1204	HE	36	6	29.7	4.9
1205	HE	29	6	34.1	5.5
1206	HE	47	6	28.2	4.7
1207	HE	17	6	NA	NA
1208	HE	4	6	26.7	4
1209	HE	5	6	26.6	4.4
1210	HE	23	6	33.2	5.5
1211	HE	45	6	26.4	3.7
1212	HE	21	6	31.6	5.1
1213	HE	34	6	25.4	5.6
1214	HE	3	6	28.9	5.2
1215	HE	19	6	26.4	3.9
1216	HE	3	6	30.5	4.9
1217	HE	32	6	24.8	4.2
1218	HE	42	6	22.5	2.9
1219	HE	20	6	NA	NA
1220	HE	44	6	NA	NA
1221	HE	7	6	NA	NA
1222	HE	7	6	29.4	5.7
1223	HE	1	6	24.4	4.2
1224	HE	18	6	25	4.9
1225	HE	48	6	27.9	3.7
1226	HE	15	6	28.2	4.6
1227	HE	5	6	31.3	5.9
1228	HE	10	6	26.2	4.9
1229	HE	11	6	28	5.2
1230	HE	12	6	28.5	5
1231	HE	33	6	26.5	4.2
1232	HE	24	6	30.7	5.7
1233	HE	13	6	29.6	5.3
1234	HE	25	6	15.7	3
1235	HE	26	6	23.5	4.8
1236	HE	43	6	23.6	2.9
1237	HE	8	6	NA	NA
1238	HE	2	6	28.8	5.4
1239	HE	30	6	NA	NA
1240	HE	27	6	NA	NA
1241	HE	33	6	26.4	4.9
1242	HE	39	6	21.2	4.1
1243	HE	41	6	31.9	4.5
1244	HE	26	7	28.1	4.9
1245	HE	33	7	27.6	4.2
1246	HE	44	7	31.1	5.3
1247	HE	40	7	24.7	4.7
1248	HE	19	7	27.3	4.7
1249	HE	3	7	21.5	3.3
1250	HE	1	7	22.6	3.7
1251	HE	11	7	29.6	5.6
1252	HE	13	7	28.3	5.4
1253	HE	5	7	24.1	5.3
1254	HE	31	7	28.4	4.3
1255	HE	34	7	29.2	4.9
1256	HE	41	7	24.4	3.4
1257	HE	8	7	NA	NA
1258	HE	23	7	23.4	3.5
1259	HE	21	7	27.2	4.7
1260	HE	4	7	31.1	5.4
1261	HE	39	7	NA	NA
1262	HE	47	7	32.4	6.1
1263	HE	24	7	28.9	4.3
1264	HE	45	7	NA	NA
1265	HE	10	7	25.2	4.1
1266	HE	28	7	29	5.8
1267	HE	2	7	24.4	3.9
1268	HE	12	7	28.7	4.4
1269	HE	3	7	18.9	2.3
1270	HE	20	7	27	3.3
1271	HE	30	7	NA	NA
1272	HE	6	7	30.3	6.1
1273	HE	25	7	NA	NA
1274	HE	42	7	24.6	3.6
1275	HE	48	7	28.8	4.7
1276	HE	35	7	23.9	4.4
1277	HE	37	7	NA	NA
1278	HE	9	7	31.3	5.6
1279	HE	16	7	NA	NA
1280	HE	18	7	NA	NA
1281	HE	32	7	28.5	4.7
1282	HE	36	7	31.1	5.3
1283	HE	7	7	29.3	5.5
1284	HE	29	7	29	4.4
1285	HE	38	7	NA	NA
1286	HE	43	7	28.8	5.5
1287	HE	15	7	26.7	4
1288	HE	22	7	NA	NA
1289	HE	27	7	NA	NA
1290	HE	17	7	22.3	3
1291	HE	28	8	28.8	5.1
1292	HE	5	8	24.5	2.7
1293	HE	43	8	NA	NA
1294	HE	12	8	NA	NA
1295	HE	16	8	31.4	5.2
1296	HE	47	8	30.6	5.5
1297	HE	23	8	NA	NA
1298	HE	3	8	23.9	2.8
1299	HE	39	8	28.1	5.2
1300	HE	15	8	27.6	4.5
1301	HE	7	8	29.1	4.8
1302	HE	2	8	26.8	4.3
1303	HE	41	8	24.5	4.1
1304	HE	14	8	24.5	4
1305	HE	10	8	27	4.9
1306	HE	11	8	28.6	5
1307	HE	30	8	28.6	5.3
1308	HE	26	8	24.5	3.6
1309	HE	40	8	33.4	5.8
1310	HE	18	8	22	3.9
1311	HE	8	8	NA	NA
1312	HE	27	8	19.2	2.3
1313	HE	29	8	25.6	4.6
1314	HE	48	8	34.2	7.8
1315	HE	13	8	30.7	5
1316	HE	22	8	27.4	4
1317	HE	1	8	27.1	3.8
1318	HE	32	8	28.7	4.7
1319	HE	42	8	25.6	5.2
1320	HE	25	8	27.9	5
1321	HE	34	8	31.4	6.4
1322	HE	4	8	NA	NA
1323	HE	19	8	30.2	5
1324	HE	31	8	29.4	4.3
1325	HE	45	8	34.6	6.6
1326	HE	9	8	30.8	4.6
1327	HE	21	8	32.6	5.2
1328	HE	20	8	27.6	4.5
1329	HE	17	8	28.4	4.9
1330	HE	35	8	24	4
1331	HE	6	8	NA	NA
1332	HE	33	8	29.2	5.9
1333	HE	24	8	28.6	4.9
1334	HE	44	8	NA	NA
1335	HE	45	9	25.9	4.8
1336	HE	25	9	27.5	5.3
1337	HE	18	9	23.9	3.7
1338	HE	34	9	25.7	4.2
1339	HE	34	9	NA	NA
1340	HE	35	9	25.2	4.7
1341	HE	33	9	23.4	4.2
1342	HE	12	9	27.4	5.2
1343	HE	5	9	26.2	5
1344	HE	7	9	32.9	6.1
1345	HE	36	9	27.2	4.7
1346	HE	17	9	30.7	4.5
1347	HE	47	9	NA	NA
1348	HE	6	9	24.3	3.9
1349	HE	2	9	NA	NA
1350	HE	9	9	30.1	4.9
1351	HE	11	9	NA	NA
1352	HE	14	9	30.8	5.6
1353	HE	27	9	27.3	4.4
1354	HE	44	9	29.7	5.7
1355	HE	21	9	NA	NA
1356	HE	40	9	NA	NA
1357	HE	29	9	34.4	6.3
1358	HE	30	9	NA	NA
1359	HE	29	9	27	4.9
1360	HE	43	9	NA	NA
1361	HE	13	9	NA	NA
1362	HE	39	9	28.4	5.3
1363	HE	16	9	NA	NA
1364	HE	15	9	31	5
1365	HE	42	9	NA	NA
1366	HE	41	9	NA	NA
1367	HE	23	9	NA	NA
1368	HE	19	9	33.3	6
1369	HE	26	9	25.1	4.6
1370	HE	20	9	29.2	4.7
1371	HE	1	9	31.9	5.6
1372	HE	37	9	29	5.5
1373	HE	31	9	32	6.2
1374	HE	8	9	28.3	4.5
1375	HE	3	9	27.1	4.4
1376	HE	28	9	32.3	5.9
1377	HE	10	9	22.9	4.3
1378	HE	22	9	NA	NA
1379	HE	4	9	NA	NA
1380	HE	32	9	18.3	2.2
1381	HE	48	9	NA	NA
1382	HE	10	10	NA	NA
1383	HE	48	10	29.9	5.5
1384	HE	11	10	30.9	5.6
1385	HE	43	10	31.4	5.1
1386	HE	29	10	29.5	4.7
1387	HE	34	10	30	4.9
1388	HE	8	10	28.9	6
1389	HE	16	10	30.5	4.8
1390	HE	13	10	32.4	5.7
1391	HE	19	10	NA	NA
1392	HE	17	10	31.2	5
1393	HE	7	10	NA	NA
1394	HE	31	10	30.1	5.1
1395	HE	24	10	31.1	4.9
1396	HE	20	10	NA	NA
1397	HE	1	10	NA	NA
1398	HE	23	10	27.7	5.3
1399	HE	27	10	NA	NA
1400	HE	26	10	31.5	5.2
1401	HE	44	10	25.4	4.1
1402	HE	22	10	NA	NA
1403	HE	5	10	30.1	5.4
1404	HE	37	10	26.2	4.3
1405	HE	28	10	30.9	4.6
1406	HE	12	10	NA	NA
1407	HE	15	10	28.3	4.3
1408	HE	2	10	29.8	6.1
1409	HE	41	10	25.9	4.2
1410	HE	47	10	27.6	4.3
1411	HE	43	10	27.7	4.2
1412	HE	9	10	30.8	4.6
1413	HE	32	10	27.7	5.5
1414	HE	39	10	NA	NA
1415	HE	4	10	32.5	5.9
1416	HE	33	10	32.1	6.4
1417	HE	25	10	NA	NA
1418	HE	3	10	29	5.2
1419	HE	40	10	NA	NA
1420	HE	38	10	23.8	3.3
1421	HE	6	10	29.3	5.7
1422	HE	36	10	27.1	4.1
1423	HE	35	10	NA	NA
1424	HE	18	10	25	3.9
1425	HE	45	10	32.3	5.9
1426	HE	42	10	27.8	5.4
1427	HE	30	10	NA	NA
1428	HE	34	11	27	4.8
1429	HE	30	11	31.1	5.4
1430	HE	42	11	33.7	5.4
1431	HE	25	11	27.1	5
1432	HE	37	11	26.9	4.7
1433	HE	13	11	31	5.5
1434	HE	19	11	28.4	5
1435	HE	3	11	32.7	5.5
1436	HE	28	11	30	5.8
1437	HE	18	11	NA	NA
1438	HE	7	11	28.6	5.2
1439	HE	33	11	27.2	4.6
1440	HE	36	11	NA	NA
1441	HE	41	11	NA	NA
1442	HE	8	11	NA	NA
1443	HE	39	11	27.4	5.3
1444	HE	23	11	26.9	5.2
1445	HE	24	11	31.9	5.6
1446	HE	35	11	21.5	4
1447	HE	9	11	30.8	5.9
1448	HE	5	11	30.6	5.5
1449	HE	6	11	31	5.2
1450	HE	26	11	NA	NA
1451	HE	43	11	30.4	5
1452	HE	2	11	24.8	4.6
1453	HE	32	11	26.7	4.4
1454	HE	31	11	32.7	5.5
1455	HE	44	11	31.7	5.8
1456	HE	17	11	30.7	4.8
1457	HE	12	11	29.6	4.4
1458	HE	2	11	30.6	5.6
1459	HE	21	11	NA	NA
1460	HE	40	11	27.7	5
1461	HE	15	11	26.4	4.1
1462	HE	4	11	NA	NA
1463	HE	16	11	34.2	5.8
1464	HE	11	11	31.1	5.2
1465	HE	20	11	29.9	4.7
1466	HE	29	11	28.6	4.2
1467	HE	48	11	NA	NA
1468	HE	10	11	23.7	4
1469	HE	1	11	29.6	5.3
1470	HE	27	11	NA	NA
1471	HE	47	11	28.7	4.8
1472	HE	45	11	35.9	6.7
1473	HE	22	11	NA	NA
1474	HE	26	12	17.7	1.7
1475	HE	6	12	30.3	5.6
1476	HE	30	12	33	6.3
1477	HE	20	12	33.9	6.7
1478	HE	7	12	33.2	5.8
1479	HE	43	12	29	5.2
1480	HE	23	12	29.8	5.4
1481	HE	44	12	29.8	4.8
1482	HE	1	12	29.1	4.4
1483	HE	13	12	25.4	4.5
1484	HE	21	12	NA	NA
1485	HE	28	12	31	5.5
1486	HE	11	12	20.8	2.5
1487	HE	34	12	33.1	5.7
1488	HE	10	12	26.9	4.5
1489	HE	31	12	33.9	5.6
1490	HE	35	12	28.6	5.1
1491	HE	48	12	30.1	5.2
1492	HE	47	12	NA	NA
1493	HE	31	12	26	4.3
1494	HE	33	12	29	5.9
1495	HE	45	12	29.3	4.7
1496	HE	27	12	NA	NA
1497	HE	29	12	29.8	6.4
1498	HE	41	12	33	5.8
1499	HE	17	12	33.7	6.3
1500	HE	36	12	NA	NA
1501	HE	18	12	NA	NA
1502	HE	8	12	26.6	4.4
1503	HE	42	12	34.8	7.4
1504	HE	3	12	28.9	5.2
1505	HE	9	12	32.8	6.1
1506	HE	15	12	31.5	5.5
1507	HE	19	12	30.1	5.3
1508	HE	22	12	NA	NA
1509	HE	40	12	29	5.9
1510	HE	12	12	27.7	4.4
1511	HE	28	12	28.5	5.1
1512	HE	5	12	30.9	5.6
1513	HE	4	12	24.9	4.7
1514	HE	32	12	29.3	5
1515	HE	37	12	21.9	3.8
1516	HE	2	12	NA	NA
1517	HE	16	12	32.1	5.3
1518	HE	39	12	26.5	4.2
1519	HE	25	12	NA	NA
1520	HE	28	13	21.4	3.2
1521	HE	7	13	31.4	5.6
1522	HE	23	13	29.2	4.6
1523	HE	31	13	26.8	4.3
1524	HE	2	13	27.6	4.1
1525	HE	17	13	NA	NA
1526	HE	19	13	32.7	5.4
1527	HE	29	13	27.7	3.9
1528	HE	21	13	30.2	4.4
1529	HE	48	13	NA	NA
1530	HE	24	13	30.1	5.4
1531	HE	36	13	NA	NA
1532	HE	22	13	NA	NA
1533	HE	47	13	29.3	5.6
1534	HE	40	13	NA	NA
1535	HE	4	13	29	4.8
1536	HE	9	13	32	6
1537	HE	41	13	24.9	3.8
1538	HE	39	13	25.3	4.5
1539	HE	45	13	30.7	5.7
1540	HE	33	13	25.3	3.3
1541	HE	7	13	23.8	3.8
1542	HE	18	13	24.3	3.8
1543	HE	27	13	30.4	5.5
1544	HE	35	13	20.9	3
1545	HE	34	13	29.3	5.2
1546	HE	10	13	29.9	4.8
1547	HE	11	13	18.9	3.3
1548	HE	12	13	28.1	4.8
1549	HE	20	13	30.8	4.9
1550	HE	6	13	NA	NA
1551	HE	38	13	26.4	5.2
1552	HE	25	13	24.8	3.7
1553	HE	3	13	29	4.9
1554	HE	42	13	29.9	5.3
1555	HE	43	13	30.5	5.7
1556	HE	37	13	34.1	5.8
1557	HE	15	13	35.3	6
1558	HE	44	13	23.4	3.5
1559	HE	32	13	NA	NA
1560	HE	30	13	32	5.7
1561	HE	5	13	28.9	6.3
1562	HE	26	13	28.4	4.7
1563	HE	16	13	NA	NA
1564	HE	1	13	24.3	4.6
1565	HE	8	13	23.5	3.5
1566	HE	13	13	31.5	5.3
1567	HE	37	14	NA	NA
1568	HE	36	14	NA	NA
1569	HE	6	14	32.4	6.1
1570	HE	44	14	31.5	5.6
1571	HE	43	14	31	4.9
1572	HE	19	14	24.4	3.2
1573	HE	2	14	NA	NA
1574	HE	48	14	24	3.3
1575	HE	5	14	NA	NA
1576	HE	33	14	26	3.8
1577	HE	21	14	NA	NA
1578	HE	16	14	28.8	5
1579	HE	12	14	26.9	4.5
1580	HE	26	14	28.3	5.7
1581	HE	41	14	34	5.3
1582	HE	28	14	25.9	5.6
1583	HE	25	14	NA	NA
1584	HE	42	14	31.1	5.7
1585	HE	32	14	NA	NA
1586	HE	35	14	29.2	4.3
1587	HE	29	14	26.5	4.2
1588	HE	3	14	30.3	6.3
1589	HE	22	14	18.5	2.5
1590	HE	27	14	31.2	4.9
1591	HE	39	14	31.3	5
1592	HE	1	14	NA	NA
1593	HE	7	14	28.1	4.1
1594	HE	11	14	26.9	4.1
1595	HE	34	14	27.3	4.9
1596	HE	7	14	28.2	5
1597	HE	23	14	27.2	4.4
1598	HE	13	14	28.3	4.7
1599	HE	18	14	NA	NA
1600	HE	9	14	28.7	5
1601	HE	40	14	30.2	5.7
1602	HE	45	14	33.6	5.6
1603	HE	47	14	27.8	4.9
1604	HE	4	14	29.3	5.5
1605	HE	10	14	25.4	5.3
1606	HE	20	14	NA	NA
1607	HE	30	14	28.3	4.8
1608	HE	17	14	19.7	3
1609	HE	31	14	27.9	5.8
1610	HE	15	14	28.6	4.5
1611	HE	47	14	30.9	5.1
1612	HE	37	15	23.9	4.3
1613	HE	44	15	30	5.9
1614	HE	12	15	34.1	5.9
1615	HE	11	15	30.1	4.4
1616	HE	6	15	30	4.4
1617	HE	12	15	25	4.8
1618	HE	25	15	34.1	6.5
1619	HE	5	15	NA	NA
1620	HE	3	15	25.7	4.3
1621	HE	18	15	NA	NA
1622	HE	2	15	29.3	5.8
1623	HE	47	15	31.2	4.8
1624	HE	32	15	25.3	4.4
1625	HE	27	15	21.1	3.7
1626	HE	48	15	28.7	5.4
1627	HE	24	15	30.7	4.6
1628	HE	16	15	26.6	4.3
1629	HE	4	15	NA	NA
1630	HE	31	15	30.4	5.1
1631	HE	9	15	NA	NA
1632	HE	8	15	32	6
1633	HE	28	15	29.4	6.3
1634	HE	43	15	NA	NA
1635	HE	10	15	26.8	4.5
1636	HE	41	15	23.7	3.7
1637	HE	39	15	25.6	4.1
1638	HE	22	15	NA	NA
1639	HE	17	15	35.8	5.5
1640	HE	30	15	NA	NA
1641	HE	1	15	NA	NA
1642	HE	33	15	29.1	5.3
1643	HE	19	15	25.8	3.9
1644	HE	45	15	NA	NA
1645	HE	20	15	30.4	5
1646	HE	13	15	34.2	5.6
1647	HE	26	15	NA	NA
1648	HE	29	15	NA	NA
1649	HE	40	15	32	4.8
1650	HE	42	15	28.3	4.9
1651	HE	23	15	NA	NA
1652	HE	14	15	NA	NA
1653	HE	7	15	30.8	4.4
1654	HE	36	15	22.8	3.8
1655	HE	15	15	30	4.6
1656	HE	21	15	33.7	5.4
1657	HE	34	15	28.4	5
1658	HE	39	15	NA	NA
1659	HE	35	15	28	4.7
1660	HE	34	16	27.4	4.2
1661	HE	36	16	26.3	5.2
1662	HE	26	16	29.1	4.6
1663	HE	29	16	30.3	5.5
1664	HE	13	16	31.8	5.3
1665	HE	17	16	27.3	4.7
1666	HE	11	16	32.4	5.2
1667	HE	18	16	NA	NA
1668	HE	33	16	27.7	5.3
1669	HE	28	16	31.9	5.5
1670	HE	19	16	26.2	3.7
1671	HE	4	16	26.2	4.1
1672	HE	16	16	NA	NA
1673	HE	30	16	24.6	3.8
1674	HE	32	16	31.4	6.2
1675	HE	27	16	21	3.8
1676	HE	37	16	22.9	3.6
1677	HE	6	16	31	6.5
1678	HE	7	16	NA	NA
1679	HE	41	16	19.1	2.4
1680	HE	2	16	28.3	4
1681	HE	25	16	29.1	4.9
1682	HE	21	16	33.9	5.7
1683	HE	28	16	NA	NA
1684	HE	10	16	22.4	2.9
1685	HE	47	16	35.7	5.8
1686	HE	42	16	NA	NA
1687	HE	39	16	25.4	4.8
1688	HE	22	16	16.7	2.8
1689	HE	1	16	20.6	3.5
1690	HE	45	16	NA	NA
1691	HE	43	16	26.7	4.4
1692	HE	24	16	24.8	4.9
1693	HE	44	16	27.9	3.9
1694	HE	8	16	32.1	5.2
1695	HE	48	16	26.3	5
1696	HE	20	16	25.1	3.8
1697	HE	5	16	NA	NA
1698	HE	9	16	30	4.4
1699	HE	40	16	29.8	5.6
1700	HE	31	16	NA	NA
1701	HE	23	16	NA	NA
1702	HE	3	16	27.8	5.4
1703	HE	15	16	13.6	1.7
1704	HE	35	16	NA	NA
1705	HE	12	16	32.6	5.7
1706	HE	47	17	34.9	5.7
1707	HE	40	17	28.4	4.9
1708	HE	23	17	NA	NA
1709	HE	45	17	32.5	5.3
1710	HE	2	17	30.6	5
1711	HE	27	17	NA	NA
1712	HE	13	17	28.4	4.3
1713	HE	15	17	30.3	5
1714	HE	44	17	NA	NA
1715	HE	48	17	31.7	5.6
1716	HE	24	17	23.7	3
1717	HE	35	17	28.2	4.4
1718	HE	18	17	27.4	5
1719	HE	1	17	22.5	4.5
1720	HE	32	17	34.5	4.8
1721	HE	21	17	28.6	6.6
1722	HE	3	17	32.3	5.9
1723	HE	4	17	24.6	3.7
1724	HE	29	17	26.5	4.3
1725	HE	12	17	28.2	4.7
1726	HE	28	17	27.5	4.9
1727	HE	8	17	26.6	3.9
1728	HE	25	17	29.3	4.9
1729	HE	41	17	26.4	4.6
1730	HE	45	17	35.6	6.1
1731	HE	31	17	29.3	4.8
1732	HE	8	17	35.1	5
1733	HE	6	17	28.9	4.4
1734	HE	9	17	25.5	3.7
1735	HE	34	17	29.4	5
1736	HE	17	17	31.3	5.2
1737	HE	37	17	31.2	5.4
1738	HE	19	17	20.8	3.9
1739	HE	43	17	25.4	4.1
1740	HE	26	17	26.4	5.6
1741	HE	42	17	33	5.1
1742	HE	16	17	29.8	4.9
1743	HE	22	17	NA	NA
1744	HE	36	17	23.9	3.4
1745	HE	39	17	NA	NA
1746	HE	10	17	25.2	4.7
1747	HE	20	17	33.7	5.3
1748	HE	30	17	22.9	3.8
1749	HE	5	17	29.2	5.1
1750	HE	7	17	23.5	3.2
1751	HE	11	17	29.5	4.3
1752	HE	33	17	NA	NA
1753	HE	14	18	26.5	5.4
1754	HE	21	18	32.2	5.3
1755	HE	43	18	NA	NA
1756	HE	7	18	31.3	5.9
1757	HE	30	18	34.6	4.8
1758	HE	13	18	30.5	5.6
1759	HE	6	18	NA	NA
1760	HE	4	18	30.1	4.5
1761	HE	18	18	NA	NA
1762	HE	34	18	28.4	4.7
1763	HE	45	18	28.3	4.7
1764	HE	44	18	30.6	5.5
1765	HE	19	18	27.8	3.8
1766	HE	37	18	28	4.1
1767	HE	2	18	30.3	5
1768	HE	29	18	29.5	6.2
1769	HE	20	18	NA	NA
1770	HE	38	18	23.6	3.8
1771	HE	28	18	29.7	5.2
1772	HE	48	18	29.2	5.3
1773	HE	24	18	27	4.2
1774	HE	32	18	NA	NA
1775	HE	22	18	24.1	3.6
1776	HE	26	18	NA	NA
1777	HE	9	18	28.4	5.3
1778	HE	47	18	30.7	5.5
1779	HE	23	18	31.4	5.6
1780	HE	27	18	NA	NA
1781	HE	15	18	NA	NA
1782	HE	40	18	NA	NA
1783	HE	15	18	32.7	5.5
1784	HE	5	18	28.2	5
1785	HE	25	18	34.4	5.5
1786	HE	35	18	25.7	3.9
1787	HE	10	18	32.1	5.9
1788	HE	41	18	NA	NA
1789	HE	39	18	NA	NA
1790	HE	12	18	30.3	5.6
1791	HE	8	18	NA	NA
1792	HE	3	18	28.7	5.3
1793	HE	31	18	29.3	5.4
1794	HE	1	18	NA	NA
1795	HE	31	18	28.8	4.3
1796	HE	17	18	NA	NA
1797	HE	33	18	28.9	4.8
1798	HE	11	18	26.5	4.5
1799	HE	36	18	NA	NA
1800	HE	16	18	32	6.2
1801	HE	42	18	27.7	4.7
1802	HE	7	19	29.7	5.9
1803	HE	2	19	NA	NA
1804	HE	11	19	28.4	5.9
1805	HE	14	19	31.1	5.8
1806	HE	15	19	28.4	5.1
1807	HE	5	19	24.4	4.8
1808	HE	29	19	24.1	3.6
1809	HE	30	19	28.7	5.2
1810	HE	41	19	23.8	4.2
1811	HE	16	19	28	4.1
1812	HE	18	19	27	4.6
1813	HE	43	19	29.7	4.9
1814	HE	21	19	31.3	5.6
1815	HE	48	19	NA	NA
1816	HE	13	19	26.8	5.1
1817	HE	23	19	NA	NA
1818	HE	45	19	34.6	6.1
1819	HE	39	19	31.7	5.3
1820	HE	10	19	NA	NA
1821	HE	31	19	28	4.5
1822	HE	19	19	29.4	4.9
1823	HE	36	19	24.3	3.9
1824	HE	26	19	30	4.2
1825	HE	40	19	25.2	4.6
1826	HE	35	19	22.6	3.5
1827	HE	24	19	25.2	3.7
1828	HE	33	19	28.3	4.4
1829	HE	1	19	NA	NA
1830	HE	12	19	30.9	6.3
1831	HE	6	19	NA	NA
1832	HE	4	19	32.1	4.8
1833	HE	32	19	25.3	3.9
1834	HE	8	19	NA	NA
1835	HE	9	19	NA	NA
1836	HE	22	19	NA	NA
1837	HE	20	19	NA	NA
1838	HE	28	19	26.9	3.8
1839	HE	17	19	29.1	4.4
1840	HE	27	19	26.4	4.6
1841	HE	47	19	27.8	4.7
1842	HE	25	19	27.1	5.4
1843	HE	42	19	25.8	4.7
1844	HE	42	19	31	5.8
1845	HE	44	19	29.4	5.6
1846	HE	34	19	NA	NA
1847	HE	37	19	NA	NA
1848	HE	3	19	33.5	6.1
1849	HE	31	20	30.4	5.6
1850	HE	41	20	30.8	5.3
1851	HE	10	20	NA	NA
1852	HE	19	20	33.5	7.5
1853	HE	48	20	31.1	5
1854	HE	22	20	NA	NA
1855	HE	13	20	31.5	6.3
1856	HE	17	20	NA	NA
1857	HE	27	20	30.5	5.1
1858	HE	30	20	29.4	5.9
1859	HE	16	20	30.5	5.6
1860	HE	20	20	34	5.7
1861	HE	21	20	28.3	3.4
1862	HE	39	20	NA	NA
1863	HE	47	20	27	4.9
1864	HE	34	20	NA	NA
1865	HE	40	20	30.9	5.6
1866	HE	15	20	30.9	5.8
1867	HE	7	20	26.3	5.4
1868	HE	1	20	29.5	5
1869	HE	5	20	31.9	6
1870	HE	25	20	30.4	6
1871	HE	26	20	30.7	5.8
1872	HE	4	20	30.2	5.2
1873	HE	32	20	25.8	6.3
1874	HE	43	20	28.4	5.9
1875	HE	14	20	NA	NA
1876	HE	44	20	31.8	5.6
1877	HE	38	20	32.8	6.4
1878	HE	33	20	34.4	6.4
1879	HE	36	20	16.4	2.3
1880	HE	24	20	36.9	6.7
1881	HE	2	20	29.4	4.7
1882	HE	37	20	27.4	4.5
1883	HE	9	20	35.1	6.6
1884	HE	11	20	33	4.7
1885	HE	3	20	NA	NA
1886	HE	45	20	NA	NA
1887	HE	42	20	NA	NA
1888	HE	23	20	32.2	6
1889	HE	18	20	24.8	4.2
1890	HE	28	20	29	4.3
1891	HE	12	20	32.2	6
1892	HE	35	20	27.5	4.2
1893	HE	8	20	29.5	4.4
1894	HE	6	20	30.8	5.8
1895	HE	29	20	28.7	5.2
1896	IE	31	1	36.8	6.1
1897	IE	16	1	32.1	5.7
1898	IE	36	1	33.6	5.2
1899	IE	19	1	NA	NA
1900	IE	47	1	33.2	5.6
1901	IE	8	1	32.6	4.9
1902	IE	13	1	28.5	4.4
1903	IE	4	1	28.7	4.1
1904	IE	39	1	32.7	5.5
1905	IE	33	1	30	4.4
1906	IE	25	1	24	3.5
1907	IE	7	1	NA	NA
1908	IE	11	1	33.1	5.2
1909	IE	22	1	18.2	2.5
1910	IE	42	1	33.4	5.8
1911	IE	30	1	NA	NA
1912	IE	11	1	NA	NA
1913	IE	5	1	29.8	4.7
1914	IE	14	1	32.3	5.1
1915	IE	28	1	29.8	5.6
1916	IE	10	1	NA	NA
1917	IE	48	1	NA	NA
1918	IE	12	1	30.4	4.4
1919	IE	11	1	35.1	5.9
1920	IE	1	1	32.5	5.4
1921	IE	40	1	NA	NA
1922	IE	15	1	NA	NA
1923	IE	44	1	33.5	5.5
1924	IE	34	1	32.9	5.2
1925	IE	29	1	NA	NA
1926	IE	43	1	34.1	6.2
1927	IE	21	1	32.2	5.1
1928	IE	35	1	31	5.4
1929	IE	26	1	36	6.1
1930	IE	6	1	34.5	6
1931	IE	37	1	NA	NA
1932	IE	18	1	32.4	5.3
1933	IE	45	1	37.1	6.2
1934	IE	17	1	NA	NA
1935	IE	41	1	32.9	4.4
1936	IE	20	1	36.2	5.2
1937	IE	3	1	35	6.1
1938	IE	27	1	35.5	5.3
1939	IE	23	1	33.6	7.3
1940	IE	2	1	30.3	4.7
1941	IE	9	1	NA	NA
1942	IE	24	1	30.1	4.1
1943	IE	32	1	NA	NA
1944	IE	36	2	39.7	5.7
1945	IE	25	2	34.4	5.5
1946	IE	11	2	31.3	4.9
1947	IE	6	2	29.4	5.3
1948	IE	2	2	30.8	4.9
1949	IE	30	2	NA	NA
1950	IE	4	2	NA	NA
1951	IE	12	2	35.3	7
1952	IE	24	2	32.5	5
1953	IE	19	2	33.2	6.2
1954	IE	44	2	32.5	6.3
1955	IE	23	2	NA	NA
1956	IE	10	2	39.1	6.6
1957	IE	43	2	22.8	4.7
1958	IE	1	2	NA	NA
1959	IE	9	2	34.8	6.1
1960	IE	30	2	NA	NA
1961	IE	34	2	31.7	6
1962	IE	39	2	33.4	5.9
1963	IE	17	2	30	4.7
1964	IE	35	2	25.1	3.4
1965	IE	37	2	33.4	5.6
1966	IE	15	2	29.7	3.9
1967	IE	45	2	NA	NA
1968	IE	41	2	31.5	6
1969	IE	31	2	33.8	5.4
1970	IE	38	2	35.6	7.3
1971	IE	27	2	32.8	5.7
1972	IE	34	2	36.5	6.5
1973	IE	28	2	27.1	5.2
1974	IE	13	2	30.3	4.6
1975	IE	18	2	NA	NA
1976	IE	8	2	30.6	4.5
1977	IE	7	2	33.8	5.5
1978	IE	29	2	27.4	4.4
1979	IE	32	2	33.7	5.3
1980	IE	14	2	32.3	5.2
1981	IE	20	2	31.1	5.8
1982	IE	5	2	32.2	5.3
1983	IE	48	2	35.7	6
1984	IE	36	2	NA	NA
1985	IE	42	2	NA	NA
1986	IE	47	2	29.6	5.2
1987	IE	3	2	31.9	5.6
1988	IE	16	2	31.7	5.5
1989	IE	22	2	22	3.2
1990	IE	33	2	26	4.7
1991	IE	40	2	32.2	5.7
1992	IE	26	2	NA	NA
1993	IE	34	3	NA	NA
1994	IE	4	3	NA	NA
1995	IE	35	3	28.7	5
1996	IE	15	3	27.8	4.7
1997	IE	36	3	NA	NA
1998	IE	5	3	NA	NA
1999	IE	32	3	30.9	5.3
2000	IE	29	3	31.8	6.6
2001	IE	26	3	29	5
2002	IE	9	3	31.9	5.3
2003	IE	2	3	32.6	5.7
2004	IE	42	3	NA	NA
2005	IE	33	3	32.5	5.4
2006	IE	10	3	35	6.4
2007	IE	6	3	24.7	4.6
2008	IE	41	3	35.9	6.3
2009	IE	38	3	21	4.1
2010	IE	48	3	28.6	5.4
2011	IE	18	3	29.8	5.6
2012	IE	44	3	30.7	5.7
2013	IE	39	3	NA	NA
2014	IE	24	3	25.5	4.8
2015	IE	43	3	NA	NA
2016	IE	37	3	NA	NA
2017	IE	30	3	NA	NA
2018	IE	39	3	NA	NA
2019	IE	14	3	26.9	4.7
2020	IE	8	3	NA	NA
2021	IE	20	3	19.2	3.2
2022	IE	11	3	33.1	5.5
2023	IE	21	3	31.2	5.6
2024	IE	31	3	NA	NA
2025	IE	3	3	32.6	5.6
2026	IE	13	3	35.7	5.8
2027	IE	28	3	NA	NA
2028	IE	19	3	NA	NA
2029	IE	25	3	34.6	5.4
2030	IE	12	3	NA	NA
2031	IE	33	3	26.9	5.6
2032	IE	23	3	27.6	4.7
2033	IE	16	3	NA	NA
2034	IE	17	3	33.7	6.3
2035	IE	22	3	18.5	2.7
2036	IE	40	3	34	5.5
2037	IE	45	3	37.9	7.1
2038	IE	1	3	NA	NA
2039	IE	27	3	25.8	4.3
2040	IE	47	3	34.7	5.9
2041	IE	7	3	31	5.6
2042	IE	38	4	37.9	6.7
2043	IE	19	4	NA	NA
2044	IE	35	4	24.8	3.8
2045	IE	30	4	NA	NA
2046	IE	17	4	31	5.7
2047	IE	28	4	20.9	2.9
2048	IE	18	4	27.7	6
2049	IE	10	4	30.4	5.2
2050	IE	44	4	29.8	5.7
2051	IE	42	4	NA	NA
2052	IE	41	4	30.1	4.6
2053	IE	3	4	32.8	5.9
2054	IE	24	4	29.5	5.2
2055	IE	23	4	NA	NA
2056	IE	34	4	26	4.5
2057	IE	5	4	28.2	5.4
2058	IE	39	4	29	3.8
2059	IE	36	4	NA	NA
2060	IE	6	4	29.9	5
2061	IE	26	4	29.8	4.6
2062	IE	12	4	32.5	6.1
2063	IE	16	4	NA	NA
2064	IE	31	4	35.3	6.4
2065	IE	25	4	29.8	5.8
2066	IE	9	4	32.5	5.6
2067	IE	26	4	NA	NA
2068	IE	27	4	NA	NA
2069	IE	1	4	18.5	3.4
2070	IE	20	4	NA	NA
2071	IE	8	4	NA	NA
2072	IE	45	4	33.1	5.9
2073	IE	10	4	NA	NA
2074	IE	40	4	28.6	5.5
2075	IE	47	4	NA	NA
2076	IE	21	4	30.8	5.5
2077	IE	29	4	24.8	5.5
2078	IE	11	4	29.4	5
2079	IE	7	4	31	5.8
2080	IE	39	4	22.6	5
2081	IE	33	4	31.6	5.6
2082	IE	43	4	NA	NA
2083	IE	32	4	30.2	4.7
2084	IE	22	4	NA	NA
2085	IE	13	4	30.5	6.1
2086	IE	22	4	20.7	2.8
2087	IE	37	4	30.1	5.9
2088	IE	48	4	NA	NA
2089	IE	2	4	19.6	2.5
2090	IE	15	4	27.9	5
2091	IE	4	4	NA	NA
2092	IE	15	5	27.7	4.6
2093	IE	45	5	NA	NA
2094	IE	6	5	31	4.8
2095	IE	26	5	31.4	5.4
2096	IE	22	5	NA	NA
2097	IE	31	5	28.1	5
2098	IE	31	5	31.5	5.6
2099	IE	35	5	29.1	4.1
2100	IE	39	5	27.1	5
2101	IE	13	5	31.2	5.6
2102	IE	5	5	32.6	6.5
2103	IE	43	5	26.6	3.8
2104	IE	8	5	37.7	6.2
2105	IE	20	5	36.4	6.2
2106	IE	9	5	30	5.8
2107	IE	47	5	29.3	5.2
2108	IE	21	5	35.7	6.5
2109	IE	17	5	NA	NA
2110	IE	43	5	NA	NA
2111	IE	44	5	27.1	4.1
2112	IE	7	5	32.1	4.9
2113	IE	41	5	28.9	4
2114	IE	32	5	34.2	5
2115	IE	40	5	30.8	5.1
2116	IE	1	5	NA	NA
2117	IE	16	5	29.1	5.8
2118	IE	34	5	28.6	4
2119	IE	10	5	31.4	4.8
2120	IE	30	5	28	4.7
2121	IE	12	5	NA	NA
2122	IE	11	5	23.5	4
2123	IE	25	5	33.2	5.6
2124	IE	3	5	30.8	4.6
2125	IE	37	5	NA	NA
2126	IE	19	5	32.7	5.5
2127	IE	37	5	32.6	6
2128	IE	18	5	NA	NA
2129	IE	42	5	NA	NA
2130	IE	38	5	NA	NA
2131	IE	33	5	28.7	5.2
2132	IE	2	5	NA	NA
2133	IE	23	5	34.4	6.2
2134	IE	36	5	NA	NA
2135	IE	40	5	NA	NA
2136	IE	48	5	36.8	5.8
2137	IE	27	5	NA	NA
2138	IE	28	5	29.5	5.4
2139	IE	4	5	NA	NA
2140	IE	29	5	31.4	6
2141	IE	23	6	26.8	5.2
2142	IE	10	6	NA	NA
2143	IE	18	6	33.9	6
2144	IE	12	6	31.5	6.1
2145	IE	41	6	NA	NA
2146	IE	22	6	NA	NA
2147	IE	32	6	27.9	4.6
2148	IE	42	6	NA	NA
2149	IE	4	6	32	5.3
2150	IE	3	6	29	5
2151	IE	43	6	32.7	6.4
2152	IE	15	6	29.8	5.2
2153	IE	44	6	36.6	6
2154	IE	47	6	NA	NA
2155	IE	20	6	30.9	6.2
2156	IE	7	6	34.7	6.4
2157	IE	11	6	NA	NA
2158	IE	19	6	31.5	5.2
2159	IE	29	6	32	5.4
2160	IE	1	6	25.7	4.1
2161	IE	40	6	30.6	4.2
2162	IE	9	6	33.9	5.5
2163	IE	37	6	32.1	5.8
2164	IE	45	6	33.4	5.8
2165	IE	31	6	NA	NA
2166	IE	30	6	36.6	6.1
2167	IE	48	6	NA	NA
2168	IE	28	6	NA	NA
2169	IE	25	6	34.2	6
2170	IE	16	6	33.2	5.2
2171	IE	5	6	35.8	6.8
2172	IE	36	6	32.4	5.6
2173	IE	13	6	NA	NA
2174	IE	34	6	30.6	5
2175	IE	6	6	32	5.3
2176	IE	33	6	29.2	5.2
2177	IE	8	6	NA	NA
2178	IE	27	6	NA	NA
2179	IE	14	6	30.9	5.2
2180	IE	35	6	29.1	5.4
2181	IE	17	6	NA	NA
2182	IE	39	6	31.3	5.4
2183	IE	2	6	28.2	4.6
2184	IE	26	6	NA	NA
2185	IE	6	7	29.4	5.7
2186	IE	5	7	26.9	3.9
2187	IE	39	7	NA	NA
2188	IE	42	7	NA	NA
2189	IE	1	7	29.2	5.4
2190	IE	31	7	30.3	5.2
2191	IE	18	7	NA	NA
2192	IE	23	7	NA	NA
2193	IE	24	7	24.9	4.2
2194	IE	28	7	NA	NA
2195	IE	30	7	24.8	4.1
2196	IE	4	7	NA	NA
2197	IE	12	7	29.4	5.8
2198	IE	48	7	32	5.7
2199	IE	21	7	29	4.4
2200	IE	19	7	25.7	3.8
2201	IE	15	7	32.8	6.3
2202	IE	44	7	30	5.1
2203	IE	29	7	22.4	3.9
2204	IE	47	7	26.9	4.9
2205	IE	2	7	30.2	5.2
2206	IE	32	7	NA	NA
2207	IE	8	7	25.5	3.8
2208	IE	20	7	32.5	6.2
2209	IE	35	7	30.8	5.2
2210	IE	40	7	29.5	5.1
2211	IE	13	7	30.3	5.5
2212	IE	41	7	31.4	6
2213	IE	17	7	30.6	5.2
2214	IE	9	7	31.8	5.6
2215	IE	7	7	NA	NA
2216	IE	22	7	22.2	2.6
2217	IE	45	7	33.2	6.4
2218	IE	37	7	NA	NA
2219	IE	10	7	29.1	5.7
2220	IE	13	7	34	5.7
2221	IE	14	7	28.6	4.2
2222	IE	25	7	28.7	4.7
2223	IE	43	7	NA	NA
2224	IE	34	7	26.8	4.6
2225	IE	26	7	29.4	4.9
2226	IE	36	7	30.9	6
2227	IE	27	7	NA	NA
2228	IE	11	7	NA	NA
2229	IE	33	7	19.4	2.6
2230	IE	16	7	NA	NA
2231	IE	3	7	29.3	4.5
2232	IE	48	7	30.8	6
2233	IE	10	8	31	5.5
2234	IE	3	8	32	5.4
2235	IE	8	8	27.4	5.2
2236	IE	19	8	28.2	5.4
2237	IE	12	8	NA	NA
2238	IE	2	8	30	6.2
2239	IE	43	8	27.8	5.5
2240	IE	22	8	25.7	3.3
2241	IE	47	8	NA	NA
2242	IE	42	8	33.7	5.4
2243	IE	40	8	28.7	5.3
2244	IE	33	8	25.6	4.1
2245	IE	25	8	31.1	5.5
2246	IE	26	8	28.2	5.1
2247	IE	32	8	31.5	6.8
2248	IE	34	8	30.4	6.6
2249	IE	18	8	NA	NA
2250	IE	37	8	NA	NA
2251	IE	7	8	25.8	4.2
2252	IE	17	8	22.3	3.1
2253	IE	30	8	NA	NA
2254	IE	24	8	NA	NA
2255	IE	1	8	29.1	5.6
2256	IE	4	8	23.5	3.1
2257	IE	31	8	32.7	5.6
2258	IE	27	8	NA	NA
2259	IE	36	8	23.8	4.2
2260	IE	11	8	27.2	5.1
2261	IE	13	8	30.3	5.2
2262	IE	32	8	32.2	6.1
2263	IE	39	8	30.4	6
2264	IE	48	8	27.9	5.6
2265	IE	44	8	NA	NA
2266	IE	29	8	29.4	5.7
2267	IE	20	8	30.5	5.8
2268	IE	2	8	NA	NA
2269	IE	45	8	30.4	5.8
2270	IE	35	8	27.6	5.2
2271	IE	16	8	NA	NA
2272	IE	7	8	35.2	7.1
2273	IE	18	8	27	4.5
2274	IE	13	8	26.7	4.3
2275	IE	5	8	NA	NA
2276	IE	4	8	NA	NA
2277	IE	15	8	34.4	6.7
2278	IE	41	8	23.3	3.8
2279	IE	6	8	27	4.2
2280	IE	9	8	30.8	5.2
2281	IE	23	8	NA	NA
2282	IE	28	8	NA	NA
2283	IE	38	9	NA	NA
2284	IE	30	9	28.3	4
2285	IE	12	9	NA	NA
2286	IE	45	9	32.4	6
2287	IE	25	9	28.3	6.4
2288	IE	1	9	NA	NA
2289	IE	18	9	NA	NA
2290	IE	43	9	NA	NA
2291	IE	44	9	34.2	6.9
2292	IE	2	9	32.3	5.6
2293	IE	34	9	26.4	4.6
2294	IE	11	9	31.9	5.7
2295	IE	19	9	29.3	4.5
2296	IE	32	9	32.8	5.6
2297	IE	28	9	28	5.6
2298	IE	6	9	32.6	6
2299	IE	35	9	28	4.1
2300	IE	10	9	NA	NA
2301	IE	47	9	NA	NA
2302	IE	23	9	32.2	5.7
2303	IE	4	9	NA	NA
2304	IE	41	9	NA	NA
2305	IE	43	9	29	6
2306	IE	39	9	18.5	3
2307	IE	40	9	31.5	5.3
2308	IE	15	9	31	4.4
2309	IE	7	9	NA	NA
2310	IE	17	9	27.5	5.5
2311	IE	24	9	32.5	5
2312	IE	48	9	32.1	6.6
2313	IE	14	9	30.3	5.2
2314	IE	31	9	NA	NA
2315	IE	9	9	NA	NA
2316	IE	8	9	31.5	6.3
2317	IE	36	9	NA	NA
2318	IE	42	9	29.8	4.6
2319	IE	33	9	NA	NA
2320	IE	37	9	NA	NA
2321	IE	7	9	NA	NA
2322	IE	5	9	33.2	6
2323	IE	20	9	33.9	6
2324	IE	26	9	29.2	5.2
2325	IE	29	9	NA	NA
2326	IE	27	9	NA	NA
2327	IE	13	9	32.3	5.1
2328	IE	16	9	28	4.4
2329	IE	22	9	28.4	4.5
2330	IE	3	9	32.1	4.9
2331	IE	21	9	34.6	6
2332	IE	32	9	31.9	6.1
2333	IE	18	10	24.1	3.2
2334	IE	23	10	26.7	4.4
2335	IE	14	10	30.9	5.5
2336	IE	11	10	34.1	7.4
2337	IE	47	10	30.4	5.5
2338	IE	32	10	29.2	4.7
2339	IE	40	10	34.1	6.1
2340	IE	19	10	25.9	5.1
2341	IE	7	10	25.8	3.6
2342	IE	20	10	25.8	3.7
2343	IE	35	10	30.2	5.3
2344	IE	16	10	NA	NA
2345	IE	3	10	28	4.6
2346	IE	24	10	33.5	5.8
2347	IE	4	10	NA	NA
2348	IE	34	10	31.4	6.5
2349	IE	15	10	NA	NA
2350	IE	17	10	29.7	4.4
2351	IE	2	10	33.8	6.6
2352	IE	28	10	24.4	3.8
2353	IE	38	10	31.6	5.9
2354	IE	8	10	30.8	5.8
2355	IE	21	10	34.1	6.1
2356	IE	36	10	NA	NA
2357	IE	39	10	28.7	4.7
2358	IE	25	10	30.9	5.2
2359	IE	13	10	34	6.2
2360	IE	1	10	20.9	3
2361	IE	29	10	NA	NA
2362	IE	22	10	31.2	5.2
2363	IE	37	10	NA	NA
2364	IE	48	10	29.7	5.4
2365	IE	30	10	NA	NA
2366	IE	10	10	29.8	4.7
2367	IE	12	10	34.2	5.4
2368	IE	9	10	NA	NA
2369	IE	44	10	33.1	6
2370	IE	39	10	21.2	2.8
2371	IE	6	10	27.6	5.5
2372	IE	45	10	NA	NA
2373	IE	33	10	28.6	4.8
2374	IE	31	10	31.7	5.1
2375	IE	41	10	NA	NA
2376	IE	42	10	NA	NA
2377	IE	43	10	NA	NA
2378	IE	5	10	31.9	5.9
2379	IE	26	10	27.8	4.7
2380	IE	27	10	30.7	5.8
2381	IE	5	11	NA	NA
2382	IE	25	11	NA	NA
2383	IE	18	11	NA	NA
2384	IE	34	11	28.3	5.9
2385	IE	3	11	25.9	4.2
2386	IE	15	11	NA	NA
2387	IE	45	11	NA	NA
2388	IE	43	11	29.8	5.3
2389	IE	41	11	29.7	5.1
2390	IE	30	11	27.6	5.1
2391	IE	24	11	35.1	6.6
2392	IE	22	11	14.6	1.9
2393	IE	42	11	32.5	5.3
2394	IE	2	11	29.3	5.5
2395	IE	29	11	NA	NA
2396	IE	12	11	31.2	6
2397	IE	35	11	28.1	5.3
2398	IE	11	11	NA	NA
2399	IE	41	11	28.7	5.5
2400	IE	9	11	29.8	5.6
2401	IE	13	11	NA	NA
2402	IE	7	11	28.1	5.7
2403	IE	40	11	NA	NA
2404	IE	31	11	27.6	5
2405	IE	27	11	NA	NA
2406	IE	48	11	NA	NA
2407	IE	8	11	26.7	5.2
2408	IE	36	11	28	5.5
2409	IE	28	11	30.3	6.2
2410	IE	33	11	28	5.6
2411	IE	10	11	26.7	4.3
2412	IE	32	11	29.5	4.8
2413	IE	20	11	NA	NA
2414	IE	4	11	27.6	4.2
2415	IE	21	11	28	4.1
2416	IE	44	11	32.2	6.1
2417	IE	45	11	29.5	5.5
2418	IE	23	11	NA	NA
2419	IE	31	11	NA	NA
2420	IE	26	11	27.3	5
2421	IE	47	11	25.4	3.8
2422	IE	19	11	31.5	6
2423	IE	6	11	30.1	6.5
2424	IE	37	11	NA	NA
2425	IE	39	11	34	5.2
2426	IE	18	11	28	4.2
2427	IE	16	11	NA	NA
2428	IE	17	11	31.5	5.6
2429	IE	1	11	NA	NA
2430	IE	15	12	31.7	6.4
2431	IE	18	12	29.2	4.8
2432	IE	47	12	NA	NA
2433	IE	42	12	31.8	5
2434	IE	3	12	NA	NA
2435	IE	45	12	30.8	5.7
2436	IE	29	12	NA	NA
2437	IE	22	12	24.1	4
2438	IE	48	12	34.4	6.7
2439	IE	14	12	NA	NA
2440	IE	9	12	33.3	5.4
2441	IE	40	12	NA	NA
2442	IE	16	12	34.6	6.6
2443	IE	42	12	NA	NA
2444	IE	17	12	29.4	5.3
2445	IE	25	12	33.4	6.9
2446	IE	27	12	NA	NA
2447	IE	43	12	26.7	5
2448	IE	6	12	NA	NA
2449	IE	4	12	31.6	5.8
2450	IE	5	12	27.5	4.7
2451	IE	9	12	31.3	6.2
2452	IE	21	12	29.9	5.2
2453	IE	33	12	31.8	6.1
2454	IE	1	12	NA	NA
2455	IE	28	12	29.1	5.4
2456	IE	35	12	26	4.7
2457	IE	11	12	30.5	5.2
2458	IE	37	12	NA	NA
2459	IE	41	12	29.9	4.8
2460	IE	23	12	NA	NA
2461	IE	2	12	28.8	4.8
2462	IE	47	12	30.2	6.1
2463	IE	34	12	NA	NA
2464	IE	39	12	25	4.5
2465	IE	13	12	NA	NA
2466	IE	31	12	32.7	5.5
2467	IE	19	12	29.8	5
2468	IE	8	12	NA	NA
2469	IE	10	12	NA	NA
2470	IE	32	12	27.9	4.7
2471	IE	40	12	35.4	5.7
2472	IE	20	12	33.7	6
2473	IE	36	12	28.3	5.3
2474	IE	7	12	NA	NA
2475	IE	26	12	26.1	3.7
2476	IE	1	12	NA	NA
2477	IE	44	12	NA	NA
2478	IE	12	12	32.8	5.8
2479	IE	2	13	30.5	5
2480	IE	41	13	32.1	4
2481	IE	16	13	NA	NA
2482	IE	36	13	29.5	4.8
2483	IE	24	13	NA	NA
2484	IE	8	13	34.1	6
2485	IE	15	13	NA	NA
2486	IE	29	13	29.1	5.8
2487	IE	26	13	23.4	3.2
2488	IE	3	13	28.8	4.4
2489	IE	7	13	34.8	6.1
2490	IE	47	13	NA	NA
2491	IE	21	13	27.5	4.6
2492	IE	6	13	33.9	5.6
2493	IE	39	13	22.3	3.6
2494	IE	27	13	NA	NA
2495	IE	35	13	NA	NA
2496	IE	22	13	20.7	2.5
2497	IE	42	13	35.3	6.6
2498	IE	33	13	28.6	4.6
2499	IE	30	13	34.8	7
2500	IE	23	13	19	2.9
2501	IE	34	13	35.5	5.3
2502	IE	5	13	NA	NA
2503	IE	19	13	NA	NA
2504	IE	12	13	34	5.1
2505	IE	32	13	NA	NA
2506	IE	1	13	28.9	4.4
2507	IE	44	13	32	4.7
2508	IE	48	13	34.3	6.5
2509	IE	43	13	28.9	4.1
2510	IE	25	13	31.6	6.2
2511	IE	9	13	28.6	4.9
2512	IE	11	13	30.8	6
2513	IE	7	13	28.9	5.1
2514	IE	4	13	NA	NA
2515	IE	10	13	NA	NA
2516	IE	43	13	33.5	6.2
2517	IE	17	13	28.6	4.1
2518	IE	14	13	29.6	5.3
2519	IE	45	13	33.4	6.1
2520	IE	31	13	31.3	6
2521	IE	18	13	NA	NA
2522	IE	28	13	32.8	6.3
2523	IE	39	13	26.7	4.4
2524	IE	20	13	30.9	5
2525	IE	40	13	32.1	5.9
2526	IE	13	13	34.1	5.5
2527	IE	27	13	29.5	4.7
2528	IE	37	13	NA	NA
2529	IE	39	14	31.3	4.2
2530	IE	25	14	26.8	4.5
2531	IE	38	14	32.2	4.9
2532	IE	22	14	NA	NA
2533	IE	31	14	34.7	5.6
2534	IE	45	14	32.7	5.6
2535	IE	3	14	NA	NA
2536	IE	17	14	31.8	5.6
2537	IE	8	14	31.6	5.4
2538	IE	18	14	NA	NA
2539	IE	42	14	NA	NA
2540	IE	30	14	25.3	2.8
2541	IE	19	14	35.1	5.6
2542	IE	11	14	29.9	4.5
2543	IE	33	14	28.8	5
2544	IE	47	14	31.3	6.2
2545	IE	41	14	34.5	6
2546	IE	1	14	NA	NA
2547	IE	4	14	NA	NA
2548	IE	21	14	37.2	6.6
2549	IE	34	14	33.2	5.1
2550	IE	29	14	NA	NA
2551	IE	15	14	32.1	4.3
2552	IE	26	14	34.3	5.5
2553	IE	43	14	NA	NA
2554	IE	2	14	36.3	6
2555	IE	23	14	32.3	5.1
2556	IE	16	14	32.3	4.6
2557	IE	44	14	36.9	6.1
2558	IE	40	14	NA	NA
2559	IE	35	14	24.6	3.4
2560	IE	28	14	NA	NA
2561	IE	20	14	36.7	6.7
2562	IE	12	14	31.8	5.3
2563	IE	32	14	NA	NA
2564	IE	24	14	NA	NA
2565	IE	5	14	NA	NA
2566	IE	6	14	33.4	5.3
2567	IE	18	14	21.4	3.8
2568	IE	36	14	30.5	6.3
2569	IE	27	14	NA	NA
2570	IE	13	14	32.9	6.2
2571	IE	37	14	24.9	3.5
2572	IE	10	14	30.8	4.5
2573	IE	22	14	NA	NA
2574	IE	7	14	NA	NA
2575	IE	9	14	33.1	5.7
2576	IE	48	14	35.3	6
2577	IE	17	14	31.5	5.1
2578	IE	7	15	32.2	5
2579	IE	41	15	30.2	4
2580	IE	47	15	NA	NA
2581	IE	2	15	NA	NA
2582	IE	42	15	29.2	4.8
2583	IE	34	15	30.3	5.5
2584	IE	38	15	33.4	6.1
2585	IE	18	15	21.7	3.9
2586	IE	4	15	33.1	6.3
2587	IE	20	15	28.6	3.4
2588	IE	10	15	27.8	5.3
2589	IE	39	15	29.3	5.5
2590	IE	13	15	30.3	4.5
2591	IE	21	15	31.8	5.7
2592	IE	19	15	28.4	5
2593	IE	12	15	29.5	5.4
2594	IE	33	15	NA	NA
2595	IE	24	15	NA	NA
2596	IE	8	15	NA	NA
2597	IE	35	15	25.9	4.9
2598	IE	41	15	30.8	5.2
2599	IE	9	15	NA	NA
2600	IE	43	15	NA	NA
2601	IE	5	15	33.3	5.8
2602	IE	3	15	26.8	3.5
2603	IE	30	15	29.6	5.7
2604	IE	23	15	30.5	5.6
2605	IE	40	15	NA	NA
2606	IE	27	15	NA	NA
2607	IE	22	15	14.7	1.7
2608	IE	37	15	29.3	5.1
2609	IE	6	15	28.9	4.6
2610	IE	14	15	NA	NA
2611	IE	48	15	28.1	5.1
2612	IE	44	15	31.9	6
2613	IE	29	15	23.3	3.4
2614	IE	45	15	30.2	6.2
2615	IE	26	15	NA	NA
2616	IE	6	15	34.8	5.9
2617	IE	32	15	30.6	5.6
2618	IE	28	15	32.9	6.5
2619	IE	1	15	29.8	5.7
2620	IE	16	15	32.2	5.2
2621	IE	25	15	35.4	6.4
2622	IE	15	15	NA	NA
2623	IE	17	15	29.7	4.3
2624	IE	11	15	32	5.3
2625	IE	36	15	33.7	5.2
2626	IE	31	15	31.9	6.1
2627	IE	39	16	25	4.1
2628	IE	9	16	31.7	5.9
2629	IE	39	16	23.2	3.5
2630	IE	10	16	NA	NA
2631	IE	13	16	NA	NA
2632	IE	7	16	30.5	5.8
2633	IE	40	16	29.5	5.6
2634	IE	1	16	NA	NA
2635	IE	24	16	31.6	4.6
2636	IE	19	16	30.5	5.6
2637	IE	11	16	29.9	5.8
2638	IE	17	16	34.4	5.8
2639	IE	42	16	32.7	5.5
2640	IE	35	16	30.1	5.6
2641	IE	21	16	25.9	4.4
2642	IE	27	16	27.6	4.8
2643	IE	22	16	13.1	1.3
2644	IE	30	16	NA	NA
2645	IE	48	16	NA	NA
2646	IE	18	16	29	4.6
2647	IE	33	16	27.1	4.1
2648	IE	25	16	32.6	5.6
2649	IE	16	16	NA	NA
2650	IE	29	16	NA	NA
2651	IE	28	16	32.9	5.4
2652	IE	45	16	NA	NA
2653	IE	44	16	31.5	5.3
2654	IE	26	16	29.9	4.6
2655	IE	32	16	31.6	5.4
2656	IE	31	16	28.2	4.9
2657	IE	23	16	32.5	5.3
2658	IE	5	16	NA	NA
2659	IE	34	16	27.9	4.2
2660	IE	8	16	NA	NA
2661	IE	20	16	30.7	5.4
2662	IE	15	16	28.1	4.9
2663	IE	37	16	27.2	6.3
2664	IE	47	16	NA	NA
2665	IE	47	16	30	5.6
2666	IE	36	16	29.2	5.1
2667	IE	12	16	27.4	4.2
2668	IE	6	16	29.5	5.8
2669	IE	4	16	NA	NA
2670	IE	41	16	NA	NA
2671	IE	43	16	30.4	6
2672	IE	2	16	27.4	4.5
2673	IE	3	16	26.7	5.5
2674	IE	27	17	29.1	5.5
2675	IE	34	17	34.2	6
2676	IE	35	17	30.1	5.9
2677	IE	15	17	32.1	5.1
2678	IE	5	17	NA	NA
2679	IE	47	17	33	6.7
2680	IE	28	17	32.3	5.6
2681	IE	23	17	36.3	5.9
2682	IE	12	17	NA	NA
2683	IE	30	17	31.2	5
2684	IE	44	17	28.5	4.4
2685	IE	36	17	31.3	5.1
2686	IE	48	17	31.6	5.6
2687	IE	6	17	31.4	6.2
2688	IE	25	17	30.7	5.2
2689	IE	4	17	30.6	5.2
2690	IE	22	17	29.9	4.9
2691	IE	29	17	NA	NA
2692	IE	37	17	34.2	5.3
2693	IE	26	17	28.5	5
2694	IE	31	17	NA	NA
2695	IE	43	17	NA	NA
2696	IE	19	17	34.8	6.5
2697	IE	36	17	NA	NA
2698	IE	13	17	29	4.8
2699	IE	11	17	30	6.2
2700	IE	3	17	31.8	6.2
2701	IE	45	17	32.4	5.4
2702	IE	17	17	NA	NA
2703	IE	24	17	29.5	4.2
2704	IE	16	17	NA	NA
2705	IE	8	17	NA	NA
2706	IE	41	17	NA	NA
2707	IE	21	17	36	6.2
2708	IE	40	17	28.9	4.4
2709	IE	28	17	29.8	5.2
2710	IE	9	17	NA	NA
2711	IE	10	17	32.5	5.5
2712	IE	22	17	27.4	4
2713	IE	33	17	30.3	6
2714	IE	20	17	35	5
2715	IE	20	17	24.7	3.5
2716	IE	1	17	36.6	6.8
2717	IE	18	17	33.4	5.7
2718	IE	32	17	NA	NA
2719	IE	7	17	34.5	6.6
2720	IE	2	17	31.4	5.3
2721	IE	39	17	NA	NA
2722	IE	42	17	34.3	5.3
2723	IE	17	18	32.1	5.1
2724	IE	16	18	30.7	4.9
2725	IE	3	18	22.2	3.3
2726	IE	32	18	31	5.3
2727	IE	44	18	31.1	4.6
2728	IE	31	18	35.4	5.4
2729	IE	22	18	25.1	3.3
2730	IE	25	18	31.9	4.7
2731	IE	6	18	29.5	5.2
2732	IE	21	18	32.9	5.8
2733	IE	47	18	29.8	4.7
2734	IE	26	18	NA	NA
2735	IE	5	18	29.7	4.4
2736	IE	20	18	35.3	5.4
2737	IE	27	18	31.3	5.7
2738	IE	40	18	31.2	4.7
2739	IE	32	18	37.9	6.9
2740	IE	10	18	29.3	5.2
2741	IE	48	18	27.5	4.8
2742	IE	17	18	29.4	4.4
2743	IE	1	18	NA	NA
2744	IE	30	18	35	6.3
2745	IE	41	18	33.6	6
2746	IE	34	18	35.4	5.6
2747	IE	43	18	24	3.7
2748	IE	19	18	30.5	4.7
2749	IE	23	18	35.7	5.6
2750	IE	45	18	35	5.4
2751	IE	42	18	33.6	6.7
2752	IE	33	18	24.8	2.4
2753	IE	28	18	31	5.1
2754	IE	29	18	NA	NA
2755	IE	4	18	30.1	4.8
2756	IE	37	18	NA	NA
2757	IE	8	18	25	3.6
2758	IE	2	18	32.2	4.7
2759	IE	35	18	30.5	4.4
2760	IE	42	18	NA	NA
2761	IE	36	18	26.2	4.1
2762	IE	39	18	NA	NA
2763	IE	12	18	32.3	5.9
2764	IE	11	18	34	5.5
2765	IE	15	18	27.1	4.4
2766	IE	14	18	30.1	5.1
2767	IE	7	18	34.8	6.6
2768	IE	9	18	32.7	5.3
2769	IE	13	18	33.9	5.8
2770	IE	18	18	32.8	6.3
2771	IE	29	19	NA	NA
2772	IE	32	19	29.6	4.5
2773	IE	10	19	NA	NA
2774	IE	34	19	28.5	5.8
2775	IE	47	19	30.2	5.8
2776	IE	19	19	32.1	5.9
2777	IE	5	19	29.9	5.7
2778	IE	9	19	29.2	6.3
2779	IE	7	19	30.7	4.8
2780	IE	1	19	NA	NA
2781	IE	44	19	32.8	5.7
2782	IE	30	19	31.1	4.1
2783	IE	2	19	34.1	6.3
2784	IE	39	19	NA	NA
2785	IE	43	19	NA	NA
2786	IE	15	19	26.9	4.7
2787	IE	42	19	29.1	5.6
2788	IE	37	19	NA	NA
2789	IE	40	19	26.6	4
2790	IE	23	19	34.1	6.6
2791	IE	34	19	26.5	5.6
2792	IE	6	19	NA	NA
2793	IE	24	19	24.9	4.4
2794	IE	16	19	29.7	5.6
2795	IE	48	19	NA	NA
2796	IE	26	19	NA	NA
2797	IE	12	19	32.4	6.3
2798	IE	17	19	32.2	6.5
2799	IE	13	19	27.4	4.6
2800	IE	27	19	31.6	5.2
2801	IE	36	19	35.1	4.6
2802	IE	22	19	21.5	2.8
2803	IE	41	19	31.8	4.9
2804	IE	33	19	29.9	4.9
2805	IE	45	19	32.8	6.2
2806	IE	25	19	23.9	3.6
2807	IE	21	19	36.9	6.1
2808	IE	3	19	29.2	5.7
2809	IE	18	19	32.8	6.2
2810	IE	11	19	27.5	4
2811	IE	35	19	30.8	6
2812	IE	20	19	30.5	5
2813	IE	28	19	32.6	6.4
2814	IE	8	19	NA	NA
2815	IE	4	19	NA	NA
2816	IE	31	19	30.8	4.9
2817	IE	31	20	31.7	5.3
2818	IE	6	20	30.5	6
2819	IE	42	20	30.5	4.3
2820	IE	16	20	31.1	5.5
2821	IE	30	20	27.3	4.1
2822	IE	12	20	33.1	5.9
2823	IE	9	20	28.2	4.2
2824	IE	21	20	30.8	6.3
2825	IE	17	20	30.6	4.9
2826	IE	36	20	33.4	5.3
2827	IE	31	20	27.8	4.1
2828	IE	44	20	NA	NA
2829	IE	40	20	30.6	5.4
2830	IE	2	20	26.9	4.4
2831	IE	22	20	NA	NA
2832	IE	1	20	26.7	4.2
2833	IE	37	20	27.2	4.2
2834	IE	43	20	27.2	4.3
2835	IE	11	20	32.4	6.1
2836	IE	35	20	30.7	5.2
2837	IE	26	20	NA	NA
2838	IE	27	20	30.8	5.5
2839	IE	47	20	29	4.4
2840	IE	18	20	NA	NA
2841	IE	48	20	24.2	4.3
2842	IE	3	20	NA	NA
2843	IE	14	20	26.3	5
2844	IE	8	20	NA	NA
2845	IE	29	20	32.3	6.2
2846	IE	19	20	NA	NA
2847	IE	41	20	29.3	5
2848	IE	15	20	23	4.4
2849	IE	20	20	34.8	6.5
2850	IE	4	20	21.4	2.5
2851	IE	7	20	NA	NA
2852	IE	34	20	26.7	4.7
2853	IE	5	20	23.6	3.8
2854	IE	33	20	30.4	5.8
2855	IE	25	20	30.9	5.3
2856	IE	45	20	28.7	4.4
2857	IE	23	20	NA	NA
2858	IE	28	20	NA	NA
2859	IE	13	20	31.9	6
2860	IE	10	20	28.1	4
2861	IE	24	20	NA	NA
2862	IE	32	20	31.9	6
2863	IE	39	20	NA	NA
