INDIV	Sire	Dam	FAM	DaysM	Sex	Market
1001	564	727	564-727	741.46	1	1
1002	564	727	564-727	500.09	2	1
1003	564	727	564-727	495.07	1	1
1004	564	727	564-727	506.25	2	0
1005	564	727	564-727	593.21	2	1
1006	564	727	564-727	671.1	1	1
1007	564	727	564-727	523.48	1	1
1008	564	727	564-727	531.33	1	1
1009	564	727	564-727	446.02	2	0
1010	564	727	564-727	599.2	1	1
1011	564	727	564-727	509.38	2	1
1012	564	727	564-727	643.45	2	1
1013	607	707	607-707	711.68	1	1
1014	607	707	607-707	641.15	1	1
1015	607	707	607-707	638.59	1	1
1016	607	707	607-707	667.18	1	1
1017	607	707	607-707	649.68	2	1
1018	607	707	607-707	613.24	2	1
1019	587	736	587-736	484.68	1	0
1020	587	736	587-736	660.27	1	1
1021	587	736	587-736	641.35	1	1
1022	587	736	587-736	522.08	2	1
1023	587	736	587-736	493.42	2	0
1024	587	736	587-736	456.2	1	1
1025	587	736	587-736	557.61	1	1
1026	587	736	587-736	536.08	2	1
1027	587	736	587-736	500.7	1	1
1028	587	736	587-736	562.73	1	1
1029	680	640	680-640	524.58	1	1
1030	680	640	680-640	487.94	2	1
1031	680	640	680-640	624.27	2	1
1032	680	640	680-640	581.05	2	1
1033	680	640	680-640	580.6	2	1
1034	680	640	680-640	491.76	1	1
1035	547	602	547-602	540.4	2	1
1036	547	602	547-602	571.74	1	1
1037	547	602	547-602	534.45	2	1
1038	547	602	547-602	541.72	2	1
1039	547	602	547-602	544.93	2	1
1040	688	580	688-580	552.54	1	1
1041	688	580	688-580	512.51	1	0
1042	688	580	688-580	588.4	2	1
1043	688	580	688-580	555.51	2	1
1044	688	580	688-580	652.92	1	1
1045	688	580	688-580	682.6	1	1
1046	688	580	688-580	609.63	2	1
1047	688	580	688-580	507.15	2	1
1048	688	580	688-580	730.3	1	1
1049	718	578	718-578	547.82	1	1
1050	718	578	718-578	564.35	1	1
1051	718	578	718-578	495.36	1	1
1052	718	578	718-578	590.7	2	1
1053	718	578	718-578	642.39	2	1
1054	718	578	718-578	562.26	1	1
1055	718	578	718-578	527.5	1	0
1056	718	578	718-578	499.33	1	1
1057	633	541	633-541	653.63	2	1
1058	633	541	633-541	465.21	2	0
1059	633	541	633-541	594.53	1	1
1060	633	541	633-541	540.23	1	0
1061	633	541	633-541	482.78	1	1
1062	633	541	633-541	553.6	2	1
1063	633	541	633-541	534.07	2	1
1064	633	541	633-541	482.42	2	0
1065	689	530	689-530	521.33	1	1
1066	689	530	689-530	542.67	1	1
1067	689	530	689-530	509.6	1	0
1068	689	530	689-530	590.95	1	1
1069	689	530	689-530	543.15	2	1
1070	689	530	689-530	543.68	2	1
1071	689	530	689-530	609.04	1	1
1072	524	719	524-719	476.31	1	1
1073	524	719	524-719	529.75	1	1
1074	524	719	524-719	516.8	2	0
1075	524	719	524-719	694.7	2	1
1076	524	719	524-719	592.92	1	1
1077	524	719	524-719	674.92	1	1
1078	524	719	524-719	591.7	2	1
1079	524	719	524-719	573.44	2	1
1080	568	584	568-584	478.76	2	0
1081	568	584	568-584	520.22	1	1
1082	568	584	568-584	588.06	2	1
1083	568	584	568-584	558.94	2	1
1084	568	584	568-584	581.01	1	1
1085	568	584	568-584	514.52	2	1
1086	568	584	568-584	520.79	2	1
1087	658	576	658-576	537.25	2	1
1088	658	576	658-576	626.62	2	1
1089	658	576	658-576	583.35	2	1
1090	658	576	658-576	531.16	2	1
1091	658	576	658-576	470.28	2	0
1092	658	576	658-576	668.58	2	1
1093	658	576	658-576	706.17	2	1
1094	658	576	658-576	450.51	1	0
1095	658	576	658-576	501.1	1	1
1096	658	576	658-576	464.88	2	0
1097	551	659	551-659	508.81	2	1
1098	551	659	551-659	482.2	2	1
1099	551	659	551-659	460.68	1	0
1100	551	659	551-659	544.3	1	1
1101	551	659	551-659	464.08	1	1
1102	551	659	551-659	551.78	2	1
1103	551	659	551-659	469.36	2	0
1104	551	659	551-659	558.15	2	1
1105	551	659	551-659	547.63	1	1
1106	579	666	579-666	533.01	2	1
1107	579	666	579-666	574.91	1	1
1108	579	666	579-666	486.01	1	0
1109	579	666	579-666	591.93	2	1
1110	579	666	579-666	515.49	1	1
1111	579	666	579-666	620.38	2	1
1112	579	666	579-666	489.48	2	1
1113	579	666	579-666	513.98	1	1
1114	579	666	579-666	518.37	2	1
1115	579	666	579-666	565.39	2	1
1116	653	521	653-521	816.26	2	1
1117	653	521	653-521	477.5	1	1
1118	653	521	653-521	490.71	2	1
1119	694	655	694-655	576.69	2	1
1120	694	655	694-655	536.9	2	1
1121	694	655	694-655	507.94	2	1
1122	694	655	694-655	508.84	1	1
1123	694	655	694-655	568.26	1	1
1124	622	705	622-705	665.7	1	1
1125	622	705	622-705	437.56	2	0
1126	622	705	622-705	586.26	1	1
1127	622	705	622-705	554.7	2	1
1128	622	705	622-705	530.46	2	1
1129	622	705	622-705	558.21	2	1
1130	622	705	622-705	551.06	2	1
1131	622	705	622-705	596.49	1	1
1132	654	637	654-637	546.18	2	1
1133	654	637	654-637	501.19	1	0
1134	654	637	654-637	599.58	1	1
1135	654	637	654-637	607.46	1	1
1136	654	637	654-637	799.31	1	1
1137	654	637	654-637	668.86	2	1
1138	638	702	638-702	625.35	1	1
1139	638	702	638-702	624.92	2	1
1140	638	702	638-702	470.49	1	1
1141	638	702	638-702	681.4	1	1
1142	638	702	638-702	834.1	2	1
1143	638	702	638-702	713.6	2	1
1144	613	552	613-552	483.42	1	1
1145	613	552	613-552	597.65	1	1
1146	613	552	613-552	559.28	1	1
1147	613	552	613-552	561.13	1	1
1148	613	552	613-552	770.02	2	1
1149	613	552	613-552	743.02	2	1
1150	613	552	613-552	569.67	1	1
1151	613	552	613-552	587.8	2	1
1152	613	552	613-552	503.51	1	1
1153	613	552	613-552	604.67	2	1
1154	613	552	613-552	585.88	2	1
1155	723	676	723-676	522.6	2	1
1156	723	676	723-676	701.36	2	1
1157	723	676	723-676	646.64	2	1
1158	723	676	723-676	532.62	1	1
1159	723	676	723-676	734.37	2	1
1160	636	619	636-619	500.28	2	1
1161	636	619	636-619	532.56	1	1
1162	636	619	636-619	484.11	1	0
1163	636	619	636-619	410.51	1	0
1164	636	619	636-619	574.3	1	1
1165	636	619	636-619	723.78	2	1
1166	636	619	636-619	578.33	2	1
1167	636	619	636-619	602.52	2	1
1168	553	618	553-618	519.85	1	1
1169	553	618	553-618	503.47	2	0
1170	553	618	553-618	537.98	2	1
1171	553	618	553-618	617.13	2	1
1172	553	618	553-618	549.56	2	1
1173	537	691	537-691	548.69	2	1
1174	537	691	537-691	508.82	1	0
1175	537	691	537-691	506.5	2	0
1176	537	691	537-691	560.15	2	1
1177	537	691	537-691	550.96	2	1
1178	537	691	537-691	589.4	1	1
1179	537	691	537-691	534	1	1
1180	565	514	565-514	523.64	2	1
1181	565	514	565-514	529.49	2	1
1182	565	514	565-514	540.39	1	1
1183	565	514	565-514	457.74	1	0
1184	565	514	565-514	529.21	1	1
1185	565	514	565-514	624.05	1	1
1186	565	514	565-514	513.53	2	1
1187	565	514	565-514	462.15	2	1
1188	646	519	646-519	497.2	1	0
1189	646	519	646-519	639.56	2	1
1190	646	519	646-519	563.11	2	1
1191	646	519	646-519	503.2	1	1
1192	646	519	646-519	594.29	2	1
1193	646	519	646-519	592.79	2	1
1194	646	519	646-519	555.07	2	1
1195	646	519	646-519	574.4	2	1
1196	571	522	571-522	494.63	2	1
1197	571	522	571-522	682.89	1	1
1198	571	522	571-522	522.8	2	1
1199	571	522	571-522	574.67	1	1
1200	571	522	571-522	734.13	1	1
1201	571	522	571-522	570.79	1	1
1202	571	522	571-522	580.86	2	1
1203	571	522	571-522	593.84	1	1
1204	571	522	571-522	656.51	2	1
1205	571	522	571-522	618.19	2	1
1206	571	522	571-522	621.17	1	1
1207	571	522	571-522	469.45	1	0
1208	696	697	696-697	494.4	1	1
1209	696	697	696-697	619	2	1
1210	696	697	696-697	611.01	2	1
1211	696	697	696-697	541.18	2	1
1212	696	697	696-697	598.78	1	1
1213	696	697	696-697	602.07	1	1
1214	696	697	696-697	616.39	2	1
1215	703	616	703-616	674.08	1	1
1216	703	616	703-616	712.18	2	1
1217	703	616	703-616	569	2	1
1218	703	616	703-616	531.37	1	1
1219	703	616	703-616	540.09	1	0
1220	703	616	703-616	639.65	1	1
1221	703	616	703-616	648.17	2	1
1222	635	608	635-608	542.37	2	1
1223	635	608	635-608	584.67	1	1
1224	635	608	635-608	513.29	2	1
1225	635	608	635-608	544.56	1	1
1226	635	608	635-608	535.72	1	1
1227	575	577	575-577	481.03	1	0
1228	575	577	575-577	529.53	2	1
1229	575	577	575-577	512.81	1	1
1230	575	577	575-577	584.45	2	1
1231	575	577	575-577	560	2	1
1232	575	577	575-577	556.47	2	1
1233	575	577	575-577	597.88	1	1
1234	575	577	575-577	554.56	1	1
1235	575	577	575-577	528.03	2	0
1236	575	577	575-577	571.65	1	1
1237	574	686	574-686	519.31	1	1
1238	574	686	574-686	606.75	1	1
1239	574	686	574-686	610.66	2	1
1240	574	686	574-686	465.48	1	0
1241	574	686	574-686	592.85	2	1
1242	574	686	574-686	529.86	2	1
1243	574	686	574-686	605.74	2	1
1244	574	686	574-686	506.88	1	1
1245	574	686	574-686	535.17	1	1
1246	574	686	574-686	664.33	2	1
1247	574	686	574-686	681.53	2	1
1248	574	686	574-686	509.29	2	1
1249	574	686	574-686	500.87	1	1
1250	585	599	585-599	501.55	1	1
1251	585	599	585-599	562.62	1	1
1252	585	599	585-599	655.32	1	1
1253	585	599	585-599	514.94	1	1
1254	585	599	585-599	524.82	1	1
1255	585	599	585-599	632.91	2	1
1256	585	599	585-599	661.32	1	1
1257	585	599	585-599	653.83	2	1
1258	585	599	585-599	474.51	1	0
1259	693	596	693-596	627.62	1	1
1260	693	596	693-596	586.88	1	1
1261	693	596	693-596	546.94	1	1
1262	693	596	693-596	742.07	2	1
1263	693	596	693-596	577.93	2	1
1264	693	596	693-596	825.67	2	1
1265	693	596	693-596	610.41	1	1
1266	693	596	693-596	526.61	2	1
1267	572	527	572-527	448.25	1	0
1268	572	527	572-527	532.01	2	1
1269	572	527	572-527	451.24	1	0
1270	572	527	572-527	531.5	2	1
1271	572	527	572-527	501.73	1	1
1272	572	527	572-527	520.56	1	1
1273	572	527	572-527	604.44	2	1
1274	572	527	572-527	515.95	1	1
1275	572	527	572-527	586.96	1	1
1276	572	527	572-527	554.77	1	1
1277	562	536	562-536	490.05	2	1
1278	562	536	562-536	627.44	2	1
1279	562	536	562-536	553.59	2	1
1280	562	536	562-536	560.04	2	1
1281	562	536	562-536	459.87	1	0
1282	669	733	669-733	689.73	2	1
1283	669	733	669-733	472.9	1	0
1284	669	733	669-733	538.58	2	1
1285	669	733	669-733	560.02	2	1
1286	669	733	669-733	492.2	1	0
1287	669	733	669-733	462.33	2	0
1288	669	733	669-733	542.76	2	1
1289	669	733	669-733	578.24	2	1
1290	669	733	669-733	530.11	2	0
1291	669	733	669-733	533.44	1	1
1292	669	733	669-733	536.44	2	1
1293	546	620	546-620	490.26	2	1
1294	546	620	546-620	484.08	2	0
1295	546	620	546-620	522.54	1	1
1296	546	620	546-620	721.58	1	1
1297	546	620	546-620	483.94	2	0
1298	546	620	546-620	549.74	2	1
1299	546	620	546-620	517.82	2	1
1300	546	620	546-620	486.96	1	0
1301	546	620	546-620	691.79	1	1
1302	546	620	546-620	501.31	2	0
1303	507	605	507-605	491.28	1	1
1304	507	605	507-605	586.08	1	1
1305	507	605	507-605	521.81	1	1
1306	507	605	507-605	618.75	2	1
1307	507	605	507-605	561.86	2	1
1308	507	605	507-605	520.06	2	1
1309	507	605	507-605	481.13	1	0
1310	507	605	507-605	583.6	1	1
1311	507	605	507-605	542.65	1	1
1312	507	605	507-605	575.23	2	1
1313	507	605	507-605	618.32	2	1
1314	507	605	507-605	559.12	2	1
1315	507	605	507-605	527.98	2	1
1316	706	559	706-559	527.03	1	1
1317	706	559	706-559	451.86	1	1
1318	706	559	706-559	504.49	2	1
1319	706	559	706-559	460.66	1	0
1320	706	559	706-559	473.4	2	1
1321	706	559	706-559	589.37	2	1
1322	706	559	706-559	526.02	2	1
1323	706	559	706-559	553	1	1
1324	706	559	706-559	515.91	1	0
1325	573	560	573-560	543.7	2	1
1326	573	560	573-560	516.9	1	1
1327	573	560	573-560	576.64	2	1
1328	573	560	573-560	623.55	2	1
1329	573	560	573-560	513.08	1	1
1330	573	560	573-560	579.69	2	1
1331	566	604	566-604	669.55	2	1
1332	566	604	566-604	641.55	2	1
1333	566	604	566-604	522.39	1	1
1334	566	604	566-604	547.58	1	1
1335	566	604	566-604	456.27	1	1
1336	566	604	566-604	509.76	2	1
1337	656	662	656-662	458.33	1	0
1338	656	662	656-662	616.52	1	1
1339	656	662	656-662	594.34	2	1
1340	656	662	656-662	545.45	1	1
1341	656	662	656-662	536.25	2	1
1342	656	662	656-662	552.52	2	1
1343	656	662	656-662	540.84	2	1
1344	540	692	540-692	525.81	2	0
1345	540	692	540-692	495.98	2	0
1346	540	692	540-692	441.56	1	0
1347	540	692	540-692	423.59	1	0
1348	540	692	540-692	480.84	2	1
1349	540	692	540-692	513.3	2	1
1350	540	692	540-692	511.4	2	1
1351	540	692	540-692	467.45	1	0
1352	540	692	540-692	446.78	1	1
1353	540	692	540-692	533.35	2	0
1354	540	692	540-692	442.64	1	0
1355	511	677	511-677	763.81	2	1
1356	511	677	511-677	636.55	2	1
1357	511	677	511-677	640.19	2	1
1358	511	677	511-677	671.71	1	1
1359	511	677	511-677	660.33	2	1
1360	511	677	511-677	567.47	2	1
1361	511	677	511-677	722.5	2	1
1362	511	677	511-677	494.51	2	1
1363	511	677	511-677	711.58	2	1
1364	511	677	511-677	610.63	1	1
1365	634	657	634-657	521.94	1	1
1366	634	657	634-657	586.98	2	1
1367	634	657	634-657	560.94	2	1
1368	634	657	634-657	496.48	2	0
1369	634	657	634-657	492.31	1	1
1370	634	657	634-657	507.69	1	1
1371	581	597	581-597	534.86	1	1
1372	581	597	581-597	557.96	2	1
1373	581	597	581-597	479.4	2	1
1374	581	597	581-597	509.4	2	0
1375	581	597	581-597	492.71	2	0
1376	581	597	581-597	464.92	2	0
1377	581	597	581-597	570.48	2	1
1378	699	624	699-624	683.52	1	1
1379	699	624	699-624	613.27	2	1
1380	699	624	699-624	604.67	2	1
1381	699	624	699-624	500.13	1	1
1382	699	624	699-624	555.74	2	1
1383	589	671	589-671	550.34	2	1
1384	589	671	589-671	593.08	2	1
1385	589	671	589-671	551.3	2	1
1386	589	671	589-671	491.02	2	1
1387	589	671	589-671	523.89	1	1
1388	589	671	589-671	518.2	2	1
1389	650	606	650-606	520.9	2	1
1390	650	606	650-606	552.33	2	1
1391	650	606	650-606	492.45	1	0
1392	650	606	650-606	459.99	2	1
1393	650	606	650-606	471.65	2	1
1394	650	606	650-606	477.71	1	0
1395	650	606	650-606	506.65	2	1
1396	650	606	650-606	538.44	1	1
1397	650	606	650-606	443.77	1	0
1398	557	712	557-712	570.22	1	1
1399	557	712	557-712	500.59	1	1
1400	557	712	557-712	625.02	2	1
1401	557	712	557-712	712.62	1	1
1402	557	712	557-712	802.59	1	1
1403	557	712	557-712	789.63	1	1
1404	557	712	557-712	647.54	1	1
1405	557	712	557-712	649.55	1	1
1406	526	558	526-558	694.64	1	1
1407	526	558	526-558	542.09	1	1
1408	526	558	526-558	616.33	2	1
1409	526	558	526-558	683.45	1	1
1410	526	558	526-558	529.3	2	1
1411	526	558	526-558	543.79	2	1
1412	526	558	526-558	586.72	2	1
1413	526	558	526-558	489.33	1	1
1414	526	558	526-558	569.96	2	1
1415	526	558	526-558	495.97	2	1
1416	526	558	526-558	555.69	2	1
1417	526	558	526-558	509.4	2	1
1418	510	648	510-648	480.37	2	0
1419	510	648	510-648	463.52	2	1
1420	510	648	510-648	533.86	2	1
1421	510	648	510-648	470.32	2	0
1422	510	648	510-648	527.25	2	0
1423	510	648	510-648	565.07	2	1
1424	510	648	510-648	517.69	2	1
1425	502	681	502-681	441.12	1	0
1426	502	681	502-681	626.22	2	1
1427	502	681	502-681	725.83	2	1
1428	502	681	502-681	518.72	1	1
1429	502	681	502-681	567.75	2	1
1430	502	681	502-681	611.05	2	1
1431	502	681	502-681	520.14	1	1
1432	502	681	502-681	511.87	2	1
1433	502	681	502-681	663.99	2	1
1434	502	681	502-681	618.83	2	1
1435	502	681	502-681	534.51	1	1
1436	502	681	502-681	488	1	1
1437	502	681	502-681	521.46	1	1
1438	592	731	592-731	579.88	2	1
1439	592	731	592-731	528.83	1	1
1440	592	731	592-731	526.88	2	1
1441	592	731	592-731	542.65	1	1
1442	592	731	592-731	539.22	2	1
1443	592	731	592-731	568.82	1	1
1444	592	731	592-731	538.71	1	1
1445	592	731	592-731	492.5	1	1
1446	710	612	710-612	572.85	1	1
1447	710	612	710-612	528.1	1	1
1448	710	612	710-612	516.29	2	0
1449	710	612	710-612	552.24	2	1
1450	710	612	710-612	468.35	1	0
1451	710	612	710-612	454.1	2	0
1452	710	612	710-612	685.05	2	1
1453	710	612	710-612	504.48	2	1
1454	665	545	665-545	529.21	1	1
1455	665	545	665-545	661.01	1	1
1456	665	545	665-545	693.81	2	1
1457	665	545	665-545	648.53	1	1
1458	665	545	665-545	568.81	2	1
1459	665	545	665-545	663.18	1	1
1460	665	545	665-545	549.94	1	1
1461	611	739	611-739	515.08	1	1
1462	611	739	611-739	570.72	1	1
1463	611	739	611-739	570.27	2	1
1464	611	739	611-739	526.52	1	1
1465	611	739	611-739	484.14	1	0
1466	611	739	611-739	643.82	1	1
1467	611	739	611-739	552.88	2	1
1468	611	739	611-739	533.41	2	1
1469	611	739	611-739	503.66	2	1
1470	518	617	518-617	586.59	2	1
1471	518	617	518-617	633.05	2	1
1472	518	617	518-617	535.73	2	1
1473	518	617	518-617	506.16	2	1
1474	518	617	518-617	545.48	2	1
1475	518	617	518-617	615.96	1	1
1476	518	617	518-617	617.52	1	1
1477	518	617	518-617	495.05	1	0
1478	652	627	652-627	547.98	2	1
1479	652	627	652-627	422.11	1	0
1480	652	627	652-627	584.44	1	1
1481	652	627	652-627	461.23	2	1
1482	652	627	652-627	481.68	2	1
1483	651	555	651-555	575.3	1	1
1484	651	555	651-555	601.44	1	1
1485	651	555	651-555	555.36	1	1
1486	651	555	651-555	574.35	1	1
1487	651	555	651-555	582.1	2	1
1488	651	555	651-555	518.26	1	1
1489	591	595	591-595	645.35	2	1
1490	591	595	591-595	496	1	0
1491	591	595	591-595	559.2	1	1
1492	591	595	591-595	502.97	1	1
1493	591	595	591-595	548.62	2	1
1494	674	542	674-542	606.42	2	1
1495	674	542	674-542	473.19	1	1
1496	674	542	674-542	530.56	2	1
1497	674	542	674-542	594.51	2	1
1498	674	542	674-542	562.24	2	1
1499	674	542	674-542	566.83	2	1
1500	674	542	674-542	565.12	1	1
1501	701	539	701-539	549.04	1	1
1502	701	539	701-539	681.77	2	1
1503	701	539	701-539	593.66	1	1
1504	701	539	701-539	507.34	2	1
1505	701	539	701-539	611.31	2	1
1506	722	501	722-501	607.32	2	1
1507	722	501	722-501	543.55	1	1
1508	722	501	722-501	545.64	2	1
1509	722	501	722-501	476.95	2	0
1510	722	501	722-501	771.81	2	1
1511	722	501	722-501	635.22	2	1
1512	722	501	722-501	513.94	2	1
1513	728	683	728-683	524.33	2	1
1514	728	683	728-683	527.53	2	1
1515	728	683	728-683	541.95	1	1
1516	728	683	728-683	545.22	1	1
1517	728	683	728-683	500.22	1	0
1518	728	683	728-683	564.47	2	1
1519	626	594	626-594	603.02	1	1
1520	626	594	626-594	660.7	1	1
1521	626	594	626-594	739.62	1	1
1522	626	594	626-594	570.17	2	1
1523	626	594	626-594	587.22	1	1
1524	623	504	623-504	551.23	2	1
1525	623	504	623-504	467.56	2	0
1526	623	504	623-504	453.58	1	0
1527	623	504	623-504	498.51	2	1
1528	623	504	623-504	635.73	1	1
1529	623	504	623-504	485.35	1	1
1530	623	504	623-504	579.2	2	1
1531	610	682	610-682	547.75	2	1
1532	610	682	610-682	567.21	2	1
1533	610	682	610-682	537.17	1	1
1534	610	682	610-682	541.04	2	1
1535	610	682	610-682	518.44	2	1
1536	610	682	610-682	528.01	1	1
1537	610	682	610-682	598.8	1	1
1538	610	682	610-682	621.8	2	1
1539	610	682	610-682	535.88	1	1
1540	664	716	664-716	660.71	2	1
1541	664	716	664-716	576.49	2	1
1542	664	716	664-716	716.67	1	1
1543	664	716	664-716	685.57	2	1
1544	664	716	664-716	511.77	1	1
1545	664	716	664-716	603.82	2	1
1546	664	716	664-716	668	2	1
1547	528	520	528-520	534.77	2	1
1548	528	520	528-520	629.53	1	1
1549	528	520	528-520	535.75	1	1
1550	528	520	528-520	642.2	1	1
1551	528	520	528-520	524.21	2	1
1552	528	520	528-520	553.11	2	1
1553	631	690	631-690	475.41	2	0
1554	631	690	631-690	622.9	2	1
1555	631	690	631-690	515.04	1	1
1556	631	690	631-690	499.68	2	0
1557	631	690	631-690	495.06	1	1
1558	631	690	631-690	518.63	2	1
1559	588	629	588-629	538.98	1	1
1560	588	629	588-629	535.14	1	1
1561	588	629	588-629	573.29	2	1
1562	588	629	588-629	473.4	1	0
1563	588	629	588-629	520.42	1	0
1564	513	515	513-515	540.49	2	1
1565	513	515	513-515	503.48	2	1
1566	513	515	513-515	569.9	2	1
1567	513	515	513-515	505.37	2	0
1568	513	515	513-515	440.16	1	0
1569	513	515	513-515	644.37	2	1
1570	663	729	663-729	481.1	2	0
1571	663	729	663-729	442.61	1	0
1572	663	729	663-729	452.56	1	0
1573	663	729	663-729	594.02	1	1
1574	663	729	663-729	449.75	1	0
1575	663	729	663-729	551.58	2	1
1576	663	729	663-729	476.03	1	0
1577	663	729	663-729	515.77	2	1
1578	663	729	663-729	461.29	1	1
1579	663	729	663-729	623.65	1	1
1580	609	583	609-583	497.27	1	0
1581	609	583	609-583	628.85	1	1
1582	609	583	609-583	567.28	2	1
1583	609	583	609-583	489.72	1	0
1584	509	709	509-709	487.55	2	0
1585	509	709	509-709	498.35	2	1
1586	509	709	509-709	501.51	1	1
1587	509	709	509-709	515.18	2	0
1588	509	709	509-709	563.97	1	1
1589	509	709	509-709	559.36	2	1
1590	641	695	641-695	533.7	2	1
1591	641	695	641-695	485.93	1	0
1592	641	695	641-695	532.1	2	1
1593	641	695	641-695	653.48	2	1
1594	641	695	641-695	646.41	2	1
1595	641	695	641-695	496.21	2	0
1596	641	695	641-695	599.45	2	1
1597	641	695	641-695	535.92	2	1
1598	641	695	641-695	469.88	2	1
1599	641	695	641-695	561.24	2	1
1600	641	695	641-695	510.34	1	0
1601	714	738	714-738	601.19	2	1
1602	714	738	714-738	721.81	2	1
1603	714	738	714-738	659.43	1	1
1604	714	738	714-738	836.83	2	1
1605	714	738	714-738	493.6	1	1
1606	714	738	714-738	497.6	1	1
1607	724	544	724-544	531.56	1	1
1608	724	544	724-544	669.58	2	1
1609	724	544	724-544	673.87	2	1
1610	724	544	724-544	565.04	2	1
1611	724	544	724-544	506.39	2	1
1612	724	544	724-544	623.97	2	1
1613	600	734	600-734	564.22	2	1
1614	600	734	600-734	627.65	2	1
1615	600	734	600-734	598.54	2	1
1616	600	734	600-734	468.64	2	0
1617	600	734	600-734	571.05	1	1
1618	600	734	600-734	489.64	2	1
1619	600	734	600-734	527.08	1	1
1620	600	734	600-734	530.45	1	1
1621	642	670	642-670	594.56	1	1
1622	642	670	642-670	612.52	2	1
1623	642	670	642-670	568.17	2	1
1624	642	670	642-670	481.67	1	1
1625	642	670	642-670	516.39	1	1
1626	642	670	642-670	496.96	1	1
1627	642	670	642-670	568.54	1	1
1628	642	670	642-670	584.83	2	1
1629	642	670	642-670	782	1	1
1630	642	670	642-670	555.41	2	1
1631	642	670	642-670	543.31	2	1
1632	730	550	730-550	481.98	2	0
1633	508	534	508-534	460.93	2	1
1634	508	534	508-534	428.55	1	0
1635	508	534	508-534	474.11	2	1
1636	508	534	508-534	457.78	1	0
1637	508	534	508-534	599.5	2	1
1638	508	534	508-534	599.56	2	1
1639	508	534	508-534	559.65	2	1
1640	508	534	508-534	524.82	2	1
1641	508	534	508-534	613.03	2	1
1642	668	720	668-720	531.12	1	1
1643	668	720	668-720	659.89	2	1
1644	668	720	668-720	507.97	1	1
1645	668	720	668-720	535.91	1	1
1646	668	720	668-720	533.1	1	1
1647	668	720	668-720	504.43	1	1
1648	613	517	613-517	617.57	2	1
1649	613	517	613-517	611	2	1
1650	613	517	613-517	828.86	1	1
1651	613	517	613-517	693.03	2	1
1652	613	517	613-517	711.43	2	1
1653	613	517	613-517	521.85	1	1
1654	613	517	613-517	654.4	2	1
1655	621	569	621-569	457.79	1	0
1656	621	569	621-569	480.35	2	1
1657	621	569	621-569	676.28	1	1
1658	621	569	621-569	805.77	1	1
1659	621	569	621-569	555.3	2	1
1660	621	569	621-569	580.32	1	1
1661	621	569	621-569	533.56	2	1
1662	563	512	563-512	565.74	2	1
1663	563	512	563-512	762.04	2	1
1664	563	512	563-512	523.49	2	0
1665	563	512	563-512	523.3	2	1
1666	563	512	563-512	494.55	2	0
1667	563	512	563-512	618.4	1	1
1668	563	512	563-512	506.05	1	0
1669	531	561	531-561	558.64	1	1
1670	531	561	531-561	640.5	2	1
1671	531	561	531-561	488.08	1	1
1672	531	561	531-561	679.87	2	1
1673	531	561	531-561	638.71	2	1
1674	531	561	531-561	636.42	2	1
1675	531	561	531-561	540.65	1	1
1676	531	561	531-561	639.43	1	1
1677	531	561	531-561	915.63	2	1
1678	531	561	531-561	584.07	2	1
1679	531	561	531-561	723.79	2	1
1680	679	698	679-698	437.01	1	0
1681	679	698	679-698	499.52	1	1
1682	679	698	679-698	532.85	1	1
1683	679	698	679-698	550.02	2	1
1684	679	698	679-698	541.86	1	1
1685	679	698	679-698	557.98	1	1
1686	679	698	679-698	710.93	1	1
1687	679	698	679-698	574.47	2	1
1688	679	698	679-698	646.8	2	1
1689	679	698	679-698	478.09	2	0
1690	679	698	679-698	568.2	1	1
1691	614	649	614-649	628.36	1	1
1692	614	649	614-649	697.44	2	1
1693	614	649	614-649	595.18	2	1
1694	614	649	614-649	541.02	2	1
1695	614	649	614-649	541.35	2	1
1696	614	649	614-649	543.05	1	1
1697	614	649	614-649	440.79	1	0
1698	614	649	614-649	479.23	2	0
1699	586	661	586-661	576.9	2	1
1700	586	661	586-661	587.16	2	1
1701	586	661	586-661	554.67	2	1
1702	586	661	586-661	674.64	2	1
1703	586	661	586-661	487.11	1	1
1704	586	661	586-661	552.77	2	1
1705	586	661	586-661	470.98	1	0
1706	586	661	586-661	481.96	2	1
1707	715	643	715-643	579.59	2	1
1708	715	643	715-643	692.93	1	1
1709	715	643	715-643	486.53	1	1
1710	715	643	715-643	558.66	2	1
1711	715	643	715-643	537.11	1	1
1712	715	643	715-643	662.12	2	1
1713	715	643	715-643	457.61	2	0
1714	525	529	525-529	624.21	1	1
1715	525	529	525-529	725.38	1	1
1716	525	529	525-529	524.18	2	1
1717	525	529	525-529	587.24	2	1
1718	525	529	525-529	482.17	1	1
1719	525	529	525-529	504.5	2	1
1720	525	529	525-529	499	1	1
1721	525	529	525-529	622.77	2	1
1722	525	529	525-529	598.72	1	1
1723	525	529	525-529	628.34	2	1
1724	525	529	525-529	697.66	2	1
1725	525	529	525-529	491.97	1	0
1726	525	529	525-529	549.79	2	1
1727	630	523	630-523	593.03	2	1
1728	630	523	630-523	461.17	1	0
1729	630	523	630-523	470.01	2	0
1730	630	523	630-523	650.84	2	1
1731	630	523	630-523	587.13	2	1
1732	630	523	630-523	494	2	1
1733	630	523	630-523	518.48	2	0
1734	711	549	711-549	581.23	1	1
1735	711	549	711-549	532.08	1	1
1736	711	549	711-549	578.3	2	1
1737	711	549	711-549	455.98	1	0
1738	711	549	711-549	508.76	2	1
1739	711	549	711-549	477.26	2	0
1740	711	549	711-549	515.75	2	1
1741	582	533	582-533	576.49	1	1
1742	582	533	582-533	663.47	1	1
1743	582	533	582-533	587.18	2	1
1744	582	533	582-533	605.89	2	1
1745	582	533	582-533	538.61	2	1
1746	678	717	678-717	538.3	2	0
1747	678	717	678-717	694.17	2	1
1748	678	717	678-717	579.83	2	1
1749	678	717	678-717	688.65	1	1
1750	556	543	556-543	616.01	2	1
1751	556	543	556-543	545.58	2	1
1752	556	543	556-543	530.52	2	1
1753	556	543	556-543	487.76	1	0
1754	556	543	556-543	546.26	2	1
1755	556	543	556-543	519.65	1	1
1756	556	543	556-543	473.99	1	1
1757	556	543	556-543	540.42	2	1
1758	556	543	556-543	639.99	1	1
1759	556	543	556-543	529.8	2	1
1760	556	543	556-543	570.95	2	1
1761	556	543	556-543	653.79	2	1
1762	556	543	556-543	599.32	1	1
1763	556	543	556-543	559.33	2	1
1764	708	735	708-735	564.21	1	1
1765	708	735	708-735	621.72	1	1
1766	708	735	708-735	584.72	1	1
1767	708	735	708-735	558.66	2	1
1768	708	735	708-735	482.57	2	1
1769	708	735	708-735	640.44	2	1
1770	708	735	708-735	526.48	1	1
1771	708	735	708-735	541.03	1	1
1772	708	735	708-735	625.24	1	1
1773	708	735	708-735	571.39	2	1
1774	590	567	590-567	496.29	2	1
1775	603	535	603-535	633.56	2	1
1776	603	535	603-535	585.89	2	1
1777	603	535	603-535	697.53	2	1
1778	603	535	603-535	467.72	1	0
1779	603	535	603-535	736.58	1	1
1780	603	535	603-535	516.97	1	1
1781	603	535	603-535	598.32	2	1
1782	603	535	603-535	547.06	1	1
1783	644	516	644-516	492.45	1	0
1784	644	516	644-516	589.1	2	1
1785	644	516	644-516	501.11	2	0
1786	644	516	644-516	450.56	1	0
1787	644	516	644-516	552.04	1	1
1788	598	506	598-506	565.03	2	1
1789	598	506	598-506	678.29	1	1
1790	598	506	598-506	584.66	2	1
1791	598	506	598-506	541.9	2	1
1792	598	506	598-506	538.88	1	1
1793	598	506	598-506	533.9	1	1
1794	593	615	593-615	561.92	2	1
1795	593	615	593-615	526.43	2	1
1796	593	615	593-615	614.94	2	1
1797	593	615	593-615	699.55	1	1
1798	593	615	593-615	651.57	2	1
1799	593	615	593-615	646.39	1	1
1800	593	615	593-615	586.63	2	1
1801	593	615	593-615	628.97	1	1
1802	593	615	593-615	659.98	2	1
1803	593	615	593-615	603.75	2	1
1804	593	615	593-615	483.76	1	1
1805	593	615	593-615	823.81	2	1
1806	737	639	737-639	572.08	2	1
1807	737	639	737-639	693.17	2	1
1808	737	639	737-639	532.8	2	0
1809	737	639	737-639	504.46	1	1
1810	737	639	737-639	593.5	1	1
1811	737	639	737-639	599.67	2	1
1812	737	639	737-639	592.39	1	1
1813	737	639	737-639	551.46	2	1
1814	737	639	737-639	528.54	1	1
1815	737	639	737-639	552.58	1	1
1816	713	601	713-601	698.57	2	1
1817	713	601	713-601	476.6	2	0
1818	713	601	713-601	545.95	2	1
1819	713	601	713-601	491.64	1	0
1820	713	601	713-601	489.81	2	1
1821	713	601	713-601	495.04	2	0
1822	713	601	713-601	566.88	1	1
1823	713	601	713-601	466.34	1	1
1824	713	601	713-601	539.99	2	1
1825	645	675	645-675	566.36	2	1
1826	645	675	645-675	490.55	1	1
1827	645	675	645-675	628.04	1	1
1828	645	675	645-675	483.97	1	1
1829	645	675	645-675	609.54	2	1
1830	645	675	645-675	601.7	1	1
1831	645	532	645-532	559.15	1	1
1832	645	532	645-532	591.11	1	1
1833	645	532	645-532	453.77	1	0
1834	645	532	645-532	595.53	1	1
1835	645	532	645-532	522.9	1	1
1836	645	532	645-532	466.67	1	1
1837	554	632	554-632	529.86	2	0
1838	554	632	554-632	719.26	2	1
1839	554	632	554-632	524.24	1	1
1840	554	632	554-632	481.42	1	0
1841	554	632	554-632	592.75	2	1
1842	554	632	554-632	544.11	2	1
1843	554	632	554-632	521.2	1	1
1844	554	632	554-632	601.49	2	1
1845	554	632	554-632	461.56	2	0
1846	554	684	554-684	442.99	1	0
1847	554	684	554-684	479.2	1	0
1848	554	684	554-684	546.66	2	1
1849	554	684	554-684	500.45	1	0
1850	554	684	554-684	507.86	1	1
1851	554	684	554-684	428.47	1	0
1852	554	684	554-684	507.78	2	1
1853	554	684	554-684	513.41	2	1
1854	538	672	538-672	485	1	1
1855	538	672	538-672	547.73	2	1
1856	538	672	538-672	619.14	1	1
1857	538	672	538-672	543.15	1	1
1858	538	672	538-672	641.5	1	1
1859	538	672	538-672	490.24	2	0
1860	538	672	538-672	483.45	1	1
1861	538	503	538-503	503.75	2	1
1862	538	503	538-503	534.14	2	1
1863	538	503	538-503	470.5	2	0
1864	538	503	538-503	581.11	2	1
1865	538	503	538-503	517.97	1	1
1866	538	503	538-503	471.12	1	0
1867	538	503	538-503	521.77	1	1
1868	685	667	685-667	532.22	2	1
1869	685	667	685-667	515.1	2	0
1870	685	667	685-667	661.6	2	1
1871	685	667	685-667	496.62	1	1
1872	685	667	685-667	587.73	2	1
1873	685	667	685-667	538.68	2	1
1874	685	667	685-667	542.79	2	1
1875	685	667	685-667	550.79	2	1
1876	685	667	685-667	575.25	1	1
1877	685	505	685-505	477.83	1	1
1878	685	505	685-505	589.46	1	1
1879	685	505	685-505	624.7	2	1
1880	685	505	685-505	549.19	1	1
1881	685	505	685-505	638.17	2	1
1882	685	505	685-505	516.91	1	1
1883	685	505	685-505	539.65	1	1
1884	685	505	685-505	484.24	1	0
1885	685	505	685-505	577.5	1	1
1886	685	505	685-505	568.72	2	1
1887	700	628	700-628	629.23	1	1
1888	700	628	700-628	506.16	2	1
1889	700	628	700-628	560.41	2	1
1890	700	628	700-628	502.53	2	0
1891	700	628	700-628	538.01	1	1
1892	700	726	700-726	537.35	2	1
1893	660	721	660-721	627.26	1	1
1894	660	721	660-721	530.98	2	0
1895	660	721	660-721	526.62	2	1
1896	660	647	660-647	476.64	2	0
1897	660	647	660-647	609.32	1	1
1898	660	647	660-647	544.52	1	1
1899	660	647	660-647	572.03	2	1
1900	660	647	660-647	577.12	2	1
1901	660	647	660-647	519.59	1	1
1902	660	647	660-647	558.69	2	1
1903	660	647	660-647	491.57	1	1
1904	687	548	687-548	588.16	2	1
1905	687	548	687-548	644.72	1	1
1906	687	548	687-548	523.59	2	1
1907	687	548	687-548	434.68	2	0
1908	687	548	687-548	664.18	2	1
1909	687	673	687-673	582.33	2	1
1910	687	673	687-673	528.94	2	1
1911	687	673	687-673	617.31	2	1
1912	687	673	687-673	527.81	1	1
1913	687	673	687-673	591.38	2	1
1914	687	673	687-673	565.18	2	1
1915	687	673	687-673	571.69	2	1
1916	687	673	687-673	583.61	1	1
1917	687	673	687-673	490.04	1	1
1918	725	704	725-704	553.38	2	1
1919	725	704	725-704	601.4	1	1
1920	725	704	725-704	595.01	1	1
1921	725	704	725-704	781.98	2	1
1922	725	704	725-704	534.67	2	1
1923	725	704	725-704	568.61	2	1
1924	725	704	725-704	525.85	2	1
1925	732	625	732-625	754.11	2	1
1926	732	625	732-625	686.68	2	1
1927	732	625	732-625	624.07	2	1
1928	732	625	732-625	793.39	2	1
1929	732	570	732-570	602.46	1	1
1930	732	570	732-570	616.87	2	1
1931	732	570	732-570	499.26	2	1
1932	732	570	732-570	738.12	2	1
1933	732	570	732-570	732.71	2	1
